    0.10000E-03    0.56176E+03
    0.10202E-03    0.57265E+03
    0.10408E-03    0.58374E+03
    0.10618E-03    0.59505E+03
    0.10833E-03    0.60658E+03
    0.11052E-03    0.61833E+03
    0.11275E-03    0.63030E+03
    0.11503E-03    0.64251E+03
    0.11735E-03    0.65496E+03
    0.11972E-03    0.66764E+03
    0.12214E-03    0.68057E+03
    0.12461E-03    0.69375E+03
    0.12712E-03    0.70719E+03
    0.12969E-03    0.72089E+03
    0.13231E-03    0.73485E+03
    0.13499E-03    0.74908E+03
    0.13771E-03    0.76358E+03
    0.14049E-03    0.77836E+03
    0.14333E-03    0.79344E+03
    0.14623E-03    0.80880E+03
    0.14918E-03    0.82445E+03
    0.15220E-03    0.84042E+03
    0.15527E-03    0.85668E+03
    0.15841E-03    0.87327E+03
    0.16161E-03    0.89017E+03
    0.16487E-03    0.90740E+03
    0.16820E-03    0.92496E+03
    0.17160E-03    0.94286E+03
    0.17507E-03    0.96110E+03
    0.17860E-03    0.97970E+03
    0.18221E-03    0.99865E+03
    0.18589E-03    0.10180E+04
    0.18965E-03    0.10377E+04
    0.19348E-03    0.10577E+04
    0.19739E-03    0.10782E+04
    0.20138E-03    0.10990E+04
    0.20544E-03    0.11203E+04
    0.20959E-03    0.11420E+04
    0.21383E-03    0.11640E+04
    0.21815E-03    0.11865E+04
    0.22255E-03    0.12095E+04
    0.22705E-03    0.12328E+04
    0.23164E-03    0.12567E+04
    0.23632E-03    0.12810E+04
    0.24109E-03    0.13057E+04
    0.24596E-03    0.13309E+04
    0.25093E-03    0.13566E+04
    0.25600E-03    0.13828E+04
    0.26117E-03    0.14095E+04
    0.26645E-03    0.14367E+04
    0.27183E-03    0.14645E+04
    0.27732E-03    0.14927E+04
    0.28292E-03    0.15215E+04
    0.28864E-03    0.15509E+04
    0.29447E-03    0.15808E+04
    0.30042E-03    0.16113E+04
    0.30649E-03    0.16424E+04
    0.31268E-03    0.16740E+04
    0.31899E-03    0.17063E+04
    0.32544E-03    0.17392E+04
    0.33201E-03    0.17727E+04
    0.33872E-03    0.18068E+04
    0.34556E-03    0.18416E+04
    0.35254E-03    0.18770E+04
    0.35966E-03    0.19132E+04
    0.36693E-03    0.19500E+04
    0.37434E-03    0.19875E+04
    0.38190E-03    0.20257E+04
    0.38962E-03    0.20646E+04
    0.39749E-03    0.21043E+04
    0.40552E-03    0.21447E+04
    0.41371E-03    0.21859E+04
    0.42207E-03    0.22279E+04
    0.43060E-03    0.22706E+04
    0.43929E-03    0.23142E+04
    0.44817E-03    0.23586E+04
    0.45722E-03    0.24038E+04
    0.46646E-03    0.24498E+04
    0.47588E-03    0.24967E+04
    0.48550E-03    0.25445E+04
    0.49530E-03    0.25932E+04
    0.50531E-03    0.26428E+04
    0.51552E-03    0.26933E+04
    0.52593E-03    0.27448E+04
    0.53656E-03    0.27972E+04
    0.54739E-03    0.28506E+04
    0.55845E-03    0.29050E+04
    0.56973E-03    0.29604E+04
    0.58124E-03    0.30168E+04
    0.59299E-03    0.30742E+04
    0.60496E-03    0.31328E+04
    0.61719E-03    0.31923E+04
    0.62965E-03    0.32530E+04
    0.64237E-03    0.33148E+04
    0.65535E-03    0.33777E+04
    0.66859E-03    0.34418E+04
    0.68210E-03    0.35070E+04
    0.69588E-03    0.35735E+04
    0.70993E-03    0.36411E+04
    0.72427E-03    0.37100E+04
    0.73891E-03    0.37801E+04
    0.75383E-03    0.38514E+04
    0.76906E-03    0.39241E+04
    0.78460E-03    0.39981E+04
    0.80045E-03    0.40733E+04
    0.81662E-03    0.41500E+04
    0.83311E-03    0.42280E+04
    0.84994E-03    0.43074E+04
    0.86711E-03    0.43882E+04
    0.88463E-03    0.44704E+04
    0.90250E-03    0.45541E+04
    0.92073E-03    0.46393E+04
    0.93933E-03    0.47259E+04
    0.95831E-03    0.48141E+04
    0.97767E-03    0.49038E+04
    0.99742E-03    0.49951E+04
    0.10176E-02    0.50879E+04
    0.10381E-02    0.51824E+04
    0.10591E-02    0.52785E+04
    0.10805E-02    0.53762E+04
    0.11023E-02    0.54756E+04
    0.11246E-02    0.55767E+04
    0.11473E-02    0.56796E+04
    0.11705E-02    0.57841E+04
    0.11941E-02    0.58905E+04
    0.12182E-02    0.59986E+04
    0.12429E-02    0.61085E+04
    0.12680E-02    0.62202E+04
    0.12936E-02    0.63338E+04
    0.13197E-02    0.64493E+04
    0.13464E-02    0.65666E+04
    0.13736E-02    0.66859E+04
    0.14013E-02    0.68071E+04
    0.14296E-02    0.69303E+04
    0.14585E-02    0.70555E+04
    0.14880E-02    0.71826E+04
    0.15180E-02    0.73118E+04
    0.15487E-02    0.74430E+04
    0.15800E-02    0.75763E+04
    0.16119E-02    0.77117E+04
    0.16445E-02    0.78491E+04
    0.16777E-02    0.79887E+04
    0.17116E-02    0.81304E+04
    0.17462E-02    0.82743E+04
    0.17814E-02    0.84203E+04
    0.18174E-02    0.85685E+04
    0.18541E-02    0.87189E+04
    0.18916E-02    0.88716E+04
    0.19298E-02    0.90264E+04
    0.19688E-02    0.91835E+04
    0.20086E-02    0.93429E+04
    0.20491E-02    0.95045E+04
    0.20905E-02    0.96684E+04
    0.21328E-02    0.98346E+04
    0.21758E-02    0.10003E+05
    0.22198E-02    0.10174E+05
    0.22646E-02    0.10347E+05
    0.23104E-02    0.10523E+05
    0.23571E-02    0.10700E+05
    0.24047E-02    0.10880E+05
    0.24533E-02    0.11063E+05
    0.25028E-02    0.11248E+05
    0.25534E-02    0.11435E+05
    0.26050E-02    0.11624E+05
    0.26576E-02    0.11816E+05
    0.27113E-02    0.12010E+05
    0.27660E-02    0.12206E+05
    0.28219E-02    0.12405E+05
    0.28789E-02    0.12606E+05
    0.29371E-02    0.12809E+05
    0.29964E-02    0.13014E+05
    0.30569E-02    0.13222E+05
    0.31187E-02    0.13432E+05
    0.31817E-02    0.13644E+05
    0.32460E-02    0.13859E+05
    0.33115E-02    0.14075E+05
    0.33784E-02    0.14294E+05
    0.34467E-02    0.14514E+05
    0.35163E-02    0.14737E+05
    0.35874E-02    0.14962E+05
    0.36598E-02    0.15189E+05
    0.37338E-02    0.15417E+05
    0.38092E-02    0.15648E+05
    0.38861E-02    0.15880E+05
    0.39646E-02    0.16115E+05
    0.40447E-02    0.16351E+05
    0.41264E-02    0.16588E+05
    0.42098E-02    0.16828E+05
    0.42948E-02    0.17069E+05
    0.43816E-02    0.17311E+05
    0.44701E-02    0.17555E+05
    0.45604E-02    0.17800E+05
    0.46525E-02    0.18047E+05
    0.47465E-02    0.18294E+05
    0.48424E-02    0.18543E+05
    0.49402E-02    0.18793E+05
    0.50400E-02    0.19044E+05
    0.51419E-02    0.19295E+05
    0.52457E-02    0.19547E+05
    0.53517E-02    0.19800E+05
    0.54598E-02    0.20054E+05
    0.55701E-02    0.20307E+05
    0.56826E-02    0.20561E+05
    0.57974E-02    0.20815E+05
    0.59145E-02    0.21070E+05
    0.60340E-02    0.21323E+05
    0.61559E-02    0.21577E+05
    0.62803E-02    0.21830E+05
    0.64072E-02    0.22083E+05
    0.65366E-02    0.22335E+05
    0.66686E-02    0.22586E+05
    0.68033E-02    0.22836E+05
    0.69408E-02    0.23085E+05
    0.70810E-02    0.23332E+05
    0.72240E-02    0.23578E+05
    0.73700E-02    0.23822E+05
    0.75189E-02    0.24064E+05
    0.76708E-02    0.24304E+05
    0.78257E-02    0.24541E+05
    0.79838E-02    0.24776E+05
    0.81451E-02    0.25008E+05
    0.83096E-02    0.25236E+05
    0.84775E-02    0.25462E+05
    0.86488E-02    0.25684E+05
    0.88235E-02    0.25902E+05
    0.90017E-02    0.26116E+05
    0.91836E-02    0.26326E+05
    0.93691E-02    0.26531E+05
    0.95583E-02    0.26732E+05
    0.97514E-02    0.26927E+05
    0.99484E-02    0.27117E+05
    0.10149E-01    0.27302E+05
    0.10354E-01    0.27480E+05
    0.10564E-01    0.27652E+05
    0.10777E-01    0.27818E+05
    0.10995E-01    0.27977E+05
    0.11217E-01    0.28128E+05
    0.11443E-01    0.28272E+05
    0.11675E-01    0.28409E+05
    0.11910E-01    0.28537E+05
    0.12151E-01    0.28657E+05
    0.12397E-01    0.28768E+05
    0.12647E-01    0.28871E+05
    0.12902E-01    0.28963E+05
    0.13163E-01    0.29047E+05
    0.13429E-01    0.29120E+05
    0.13700E-01    0.29183E+05
    0.13977E-01    0.29235E+05
    0.14259E-01    0.29276E+05
    0.14547E-01    0.29306E+05
    0.14841E-01    0.29324E+05
    0.15141E-01    0.29331E+05
    0.15447E-01    0.29325E+05
    0.15759E-01    0.29308E+05
    0.16077E-01    0.29277E+05
    0.16402E-01    0.29234E+05
    0.16734E-01    0.29177E+05
    0.17072E-01    0.29107E+05
    0.17416E-01    0.29024E+05
    0.17768E-01    0.28927E+05
    0.18127E-01    0.28816E+05
    0.18493E-01    0.28691E+05
    0.18867E-01    0.28552E+05
    0.19248E-01    0.28399E+05
    0.19637E-01    0.28232E+05
    0.20034E-01    0.28051E+05
    0.20438E-01    0.27855E+05
    0.20851E-01    0.27646E+05
    0.21272E-01    0.27422E+05
    0.21702E-01    0.27185E+05
    0.22141E-01    0.26934E+05
    0.22588E-01    0.26670E+05
    0.23044E-01    0.26393E+05
    0.23510E-01    0.26104E+05
    0.23985E-01    0.25802E+05
    0.24469E-01    0.25488E+05
    0.24964E-01    0.25163E+05
    0.25468E-01    0.24828E+05
    0.25982E-01    0.24482E+05
    0.26507E-01    0.24127E+05
    0.27043E-01    0.23763E+05
    0.27589E-01    0.23391E+05
    0.28146E-01    0.23012E+05
    0.28715E-01    0.22626E+05
    0.29295E-01    0.22236E+05
    0.29887E-01    0.21841E+05
    0.30490E-01    0.21443E+05
    0.31106E-01    0.21042E+05
    0.31735E-01    0.20641E+05
    0.32376E-01    0.20240E+05
    0.33030E-01    0.19839E+05
    0.33697E-01    0.19440E+05
    0.34378E-01    0.19042E+05
    0.35072E-01    0.18648E+05
    0.35781E-01    0.18258E+05
    0.36504E-01    0.17874E+05
    0.37241E-01    0.17496E+05
    0.37993E-01    0.17127E+05
    0.38761E-01    0.16767E+05
    0.39544E-01    0.16418E+05
    0.40343E-01    0.16081E+05
    0.41158E-01    0.15755E+05
    0.41989E-01    0.15443E+05
    0.42838E-01    0.15144E+05
    0.43703E-01    0.14857E+05
    0.44586E-01    0.14584E+05
    0.45486E-01    0.14324E+05
    0.46405E-01    0.14076E+05
    0.47343E-01    0.13840E+05
    0.48299E-01    0.13615E+05
    0.49275E-01    0.13400E+05
    0.50270E-01    0.13195E+05
    0.51286E-01    0.13000E+05
    0.52322E-01    0.12812E+05
    0.53379E-01    0.12632E+05
    0.54457E-01    0.12460E+05
    0.55557E-01    0.12295E+05
    0.56680E-01    0.12136E+05
    0.57825E-01    0.11980E+05
    0.58993E-01    0.11824E+05
    0.60184E-01    0.11665E+05
    0.61400E-01    0.11499E+05
    0.62641E-01    0.11324E+05
    0.63906E-01    0.11140E+05
    0.65197E-01    0.10947E+05
    0.66514E-01    0.10743E+05
    0.67858E-01    0.10527E+05
    0.69229E-01    0.10299E+05
    0.70627E-01    0.10058E+05
    0.72054E-01    0.98031E+04
    0.73510E-01    0.95363E+04
    0.74994E-01    0.92583E+04
    0.76509E-01    0.89708E+04
    0.78055E-01    0.86760E+04
    0.79632E-01    0.83762E+04
    0.81241E-01    0.80740E+04
    0.82882E-01    0.77724E+04
    0.84556E-01    0.74745E+04
    0.86264E-01    0.71830E+04
    0.88007E-01    0.69013E+04
    0.89785E-01    0.66321E+04
    0.91598E-01    0.63780E+04
    0.93449E-01    0.61412E+04
    0.95337E-01    0.59234E+04
    0.97263E-01    0.57255E+04
    0.99227E-01    0.55480E+04
    0.10123E+00    0.53905E+04
    0.10328E+00    0.52518E+04
    0.10536E+00    0.51305E+04
    0.10749E+00    0.50242E+04
    0.10966E+00    0.49306E+04
    0.11188E+00    0.48460E+04
    0.11414E+00    0.47670E+04
    0.11644E+00    0.46890E+04
    0.11880E+00    0.46075E+04
    0.12120E+00    0.45183E+04
    0.12365E+00    0.44175E+04
    0.12614E+00    0.43033E+04
    0.12869E+00    0.41749E+04
    0.13129E+00    0.40336E+04
    0.13394E+00    0.38817E+04
    0.13665E+00    0.37224E+04
    0.13941E+00    0.35592E+04
    0.14223E+00    0.33957E+04
    0.14510E+00    0.32358E+04
    0.14803E+00    0.30836E+04
    0.15102E+00    0.29433E+04
    0.15407E+00    0.28181E+04
    0.15718E+00    0.27101E+04
    0.16036E+00    0.26191E+04
    0.16360E+00    0.25434E+04
    0.16690E+00    0.24797E+04
    0.17028E+00    0.24243E+04
    0.17371E+00    0.23735E+04
    0.17722E+00    0.23231E+04
    0.18080E+00    0.22693E+04
    0.18446E+00    0.22085E+04
    0.18818E+00    0.21388E+04
    0.19198E+00    0.20599E+04
    0.19586E+00    0.19740E+04
    0.19982E+00    0.18841E+04
    0.20386E+00    0.17940E+04
    0.20797E+00    0.17076E+04
    0.21218E+00    0.16282E+04
    0.21646E+00    0.15585E+04
    0.22083E+00    0.14997E+04
    0.22530E+00    0.14505E+04
    0.22985E+00    0.14086E+04
    0.23449E+00    0.13705E+04
    0.23923E+00    0.13331E+04
    0.24406E+00    0.12935E+04
    0.24899E+00    0.12498E+04
    0.25402E+00    0.12015E+04
    0.25915E+00    0.11497E+04
    0.26439E+00    0.10970E+04
    0.26973E+00    0.10463E+04
    0.27518E+00    0.99967E+03
    0.28074E+00    0.95845E+03
    0.28641E+00    0.92279E+03
    0.29219E+00    0.89151E+03
    0.29810E+00    0.86249E+03
    0.30412E+00    0.83374E+03
    0.31026E+00    0.80358E+03
    0.31653E+00    0.77166E+03
    0.32292E+00    0.73857E+03
    0.32945E+00    0.70572E+03
    0.33610E+00    0.67477E+03
    0.34289E+00    0.64656E+03
    0.34982E+00    0.62131E+03
    0.35689E+00    0.59824E+03
    0.36409E+00    0.57613E+03
    0.37145E+00    0.55411E+03
    0.37895E+00    0.53166E+03
    0.38661E+00    0.50910E+03
    0.39442E+00    0.48708E+03
    0.40239E+00    0.46628E+03
    0.41052E+00    0.44717E+03
    0.41881E+00    0.42929E+03
    0.42727E+00    0.41203E+03
    0.43590E+00    0.39529E+03
    0.44471E+00    0.37907E+03
    0.45369E+00    0.36338E+03
    0.46286E+00    0.34822E+03
    0.47221E+00    0.33359E+03
    0.48174E+00    0.31951E+03
    0.49148E+00    0.30595E+03
    0.50141E+00    0.29293E+03
    0.51153E+00    0.28042E+03
    0.52187E+00    0.26844E+03
    0.53241E+00    0.25695E+03
    0.54317E+00    0.24595E+03
    0.55414E+00    0.23541E+03
    0.56533E+00    0.22532E+03
    0.57675E+00    0.21564E+03
    0.58840E+00    0.20637E+03
    0.60029E+00    0.19748E+03
    0.61242E+00    0.18895E+03
    0.62479E+00    0.18078E+03
    0.63741E+00    0.17294E+03
    0.65029E+00    0.16543E+03
    0.66342E+00    0.15822E+03
    0.67683E+00    0.15131E+03
    0.69050E+00    0.14468E+03
    0.70445E+00    0.13832E+03
    0.71868E+00    0.13223E+03
    0.73320E+00    0.12639E+03
    0.74801E+00    0.12080E+03
    0.76312E+00    0.11545E+03
    0.77854E+00    0.11032E+03
    0.79426E+00    0.10541E+03
    0.81031E+00    0.10071E+03
    0.82668E+00    0.96206E+02
    0.84338E+00    0.91899E+02
    0.86041E+00    0.87778E+02
    0.87780E+00    0.83834E+02
    0.89553E+00    0.80061E+02
    0.91362E+00    0.76451E+02
    0.93208E+00    0.72998E+02
    0.95091E+00    0.69695E+02
    0.97011E+00    0.66537E+02
    0.98971E+00    0.63515E+02
    0.10097E+01    0.60626E+02
    0.10301E+01    0.57864E+02
    0.10509E+01    0.55222E+02
    0.10721E+01    0.52697E+02
    0.10938E+01    0.50284E+02
    0.11159E+01    0.47977E+02
    0.11384E+01    0.45772E+02
    0.11614E+01    0.43665E+02
    0.11849E+01    0.41652E+02
    0.12088E+01    0.39729E+02
    0.12333E+01    0.37891E+02
    0.12582E+01    0.36136E+02
    0.12836E+01    0.34459E+02
    0.13095E+01    0.32858E+02
    0.13360E+01    0.31329E+02
    0.13630E+01    0.29869E+02
    0.13905E+01    0.28475E+02
    0.14186E+01    0.27144E+02
    0.14472E+01    0.25874E+02
    0.14765E+01    0.24661E+02
    0.15063E+01    0.23504E+02
    0.15367E+01    0.22399E+02
    0.15678E+01    0.21345E+02
    0.15994E+01    0.20339E+02
    0.16318E+01    0.19380E+02
    0.16647E+01    0.18464E+02
    0.16984E+01    0.17591E+02
    0.17327E+01    0.16758E+02
    0.17677E+01    0.15963E+02
    0.18034E+01    0.15205E+02
    0.18398E+01    0.14482E+02
    0.18770E+01    0.13792E+02
    0.19149E+01    0.13134E+02
    0.19536E+01    0.12507E+02
    0.19930E+01    0.11908E+02
    0.20333E+01    0.11338E+02
    0.20744E+01    0.10794E+02
    0.21163E+01    0.10275E+02
    0.21590E+01    0.97814E+01
    0.22026E+01    0.93106E+01
    0.22471E+01    0.88622E+01
    0.22925E+01    0.84350E+01
    0.23388E+01    0.80283E+01
    0.23861E+01    0.76409E+01
    0.24343E+01    0.72722E+01
