    0.10000E-03    0.56107E+03
    0.10202E-03    0.57194E+03
    0.10408E-03    0.58302E+03
    0.10618E-03    0.59432E+03
    0.10833E-03    0.60583E+03
    0.11052E-03    0.61757E+03
    0.11275E-03    0.62953E+03
    0.11503E-03    0.64172E+03
    0.11735E-03    0.65415E+03
    0.11972E-03    0.66682E+03
    0.12214E-03    0.67974E+03
    0.12461E-03    0.69290E+03
    0.12712E-03    0.70632E+03
    0.12969E-03    0.72000E+03
    0.13231E-03    0.73394E+03
    0.13499E-03    0.74815E+03
    0.13771E-03    0.76264E+03
    0.14049E-03    0.77741E+03
    0.14333E-03    0.79246E+03
    0.14623E-03    0.80780E+03
    0.14918E-03    0.82344E+03
    0.15220E-03    0.83938E+03
    0.15527E-03    0.85563E+03
    0.15841E-03    0.87219E+03
    0.16161E-03    0.88907E+03
    0.16487E-03    0.90628E+03
    0.16820E-03    0.92382E+03
    0.17160E-03    0.94169E+03
    0.17507E-03    0.95992E+03
    0.17860E-03    0.97849E+03
    0.18221E-03    0.99742E+03
    0.18589E-03    0.10167E+04
    0.18965E-03    0.10364E+04
    0.19348E-03    0.10564E+04
    0.19739E-03    0.10769E+04
    0.20138E-03    0.10977E+04
    0.20544E-03    0.11189E+04
    0.20959E-03    0.11405E+04
    0.21383E-03    0.11626E+04
    0.21815E-03    0.11851E+04
    0.22255E-03    0.12080E+04
    0.22705E-03    0.12313E+04
    0.23164E-03    0.12551E+04
    0.23632E-03    0.12794E+04
    0.24109E-03    0.13041E+04
    0.24596E-03    0.13293E+04
    0.25093E-03    0.13550E+04
    0.25600E-03    0.13811E+04
    0.26117E-03    0.14078E+04
    0.26645E-03    0.14350E+04
    0.27183E-03    0.14627E+04
    0.27732E-03    0.14909E+04
    0.28292E-03    0.15197E+04
    0.28864E-03    0.15490E+04
    0.29447E-03    0.15788E+04
    0.30042E-03    0.16093E+04
    0.30649E-03    0.16403E+04
    0.31268E-03    0.16719E+04
    0.31899E-03    0.17042E+04
    0.32544E-03    0.17370E+04
    0.33201E-03    0.17705E+04
    0.33872E-03    0.18046E+04
    0.34556E-03    0.18393E+04
    0.35254E-03    0.18747E+04
    0.35966E-03    0.19108E+04
    0.36693E-03    0.19476E+04
    0.37434E-03    0.19850E+04
    0.38190E-03    0.20232E+04
    0.38962E-03    0.20621E+04
    0.39749E-03    0.21017E+04
    0.40552E-03    0.21421E+04
    0.41371E-03    0.21832E+04
    0.42207E-03    0.22251E+04
    0.43060E-03    0.22678E+04
    0.43929E-03    0.23113E+04
    0.44817E-03    0.23556E+04
    0.45722E-03    0.24008E+04
    0.46646E-03    0.24468E+04
    0.47588E-03    0.24936E+04
    0.48550E-03    0.25414E+04
    0.49530E-03    0.25900E+04
    0.50531E-03    0.26395E+04
    0.51552E-03    0.26900E+04
    0.52593E-03    0.27414E+04
    0.53656E-03    0.27937E+04
    0.54739E-03    0.28470E+04
    0.55845E-03    0.29014E+04
    0.56973E-03    0.29567E+04
    0.58124E-03    0.30130E+04
    0.59299E-03    0.30704E+04
    0.60496E-03    0.31288E+04
    0.61719E-03    0.31883E+04
    0.62965E-03    0.32489E+04
    0.64237E-03    0.33106E+04
    0.65535E-03    0.33735E+04
    0.66859E-03    0.34375E+04
    0.68210E-03    0.35026E+04
    0.69588E-03    0.35689E+04
    0.70993E-03    0.36365E+04
    0.72427E-03    0.37053E+04
    0.73891E-03    0.37753E+04
    0.75383E-03    0.38466E+04
    0.76906E-03    0.39191E+04
    0.78460E-03    0.39930E+04
    0.80045E-03    0.40682E+04
    0.81662E-03    0.41447E+04
    0.83311E-03    0.42226E+04
    0.84994E-03    0.43019E+04
    0.86711E-03    0.43826E+04
    0.88463E-03    0.44647E+04
    0.90250E-03    0.45483E+04
    0.92073E-03    0.46333E+04
    0.93933E-03    0.47198E+04
    0.95831E-03    0.48079E+04
    0.97767E-03    0.48975E+04
    0.99742E-03    0.49886E+04
    0.10176E-02    0.50813E+04
    0.10381E-02    0.51757E+04
    0.10591E-02    0.52716E+04
    0.10805E-02    0.53692E+04
    0.11023E-02    0.54685E+04
    0.11246E-02    0.55695E+04
    0.11473E-02    0.56721E+04
    0.11705E-02    0.57766E+04
    0.11941E-02    0.58827E+04
    0.12182E-02    0.59907E+04
    0.12429E-02    0.61004E+04
    0.12680E-02    0.62120E+04
    0.12936E-02    0.63255E+04
    0.13197E-02    0.64407E+04
    0.13464E-02    0.65579E+04
    0.13736E-02    0.66770E+04
    0.14013E-02    0.67981E+04
    0.14296E-02    0.69211E+04
    0.14585E-02    0.70460E+04
    0.14880E-02    0.71730E+04
    0.15180E-02    0.73020E+04
    0.15487E-02    0.74330E+04
    0.15800E-02    0.75661E+04
    0.16119E-02    0.77012E+04
    0.16445E-02    0.78385E+04
    0.16777E-02    0.79778E+04
    0.17116E-02    0.81193E+04
    0.17462E-02    0.82630E+04
    0.17814E-02    0.84087E+04
    0.18174E-02    0.85567E+04
    0.18541E-02    0.87069E+04
    0.18916E-02    0.88593E+04
    0.19298E-02    0.90139E+04
    0.19688E-02    0.91707E+04
    0.20086E-02    0.93298E+04
    0.20491E-02    0.94912E+04
    0.20905E-02    0.96548E+04
    0.21328E-02    0.98207E+04
    0.21758E-02    0.99889E+04
    0.22198E-02    0.10159E+05
    0.22646E-02    0.10332E+05
    0.23104E-02    0.10507E+05
    0.23571E-02    0.10685E+05
    0.24047E-02    0.10865E+05
    0.24533E-02    0.11047E+05
    0.25028E-02    0.11231E+05
    0.25534E-02    0.11418E+05
    0.26050E-02    0.11607E+05
    0.26576E-02    0.11798E+05
    0.27113E-02    0.11992E+05
    0.27660E-02    0.12188E+05
    0.28219E-02    0.12386E+05
    0.28789E-02    0.12587E+05
    0.29371E-02    0.12790E+05
    0.29964E-02    0.12995E+05
    0.30569E-02    0.13202E+05
    0.31187E-02    0.13412E+05
    0.31817E-02    0.13623E+05
    0.32460E-02    0.13837E+05
    0.33115E-02    0.14053E+05
    0.33784E-02    0.14271E+05
    0.34467E-02    0.14492E+05
    0.35163E-02    0.14714E+05
    0.35874E-02    0.14938E+05
    0.36598E-02    0.15165E+05
    0.37338E-02    0.15393E+05
    0.38092E-02    0.15623E+05
    0.38861E-02    0.15855E+05
    0.39646E-02    0.16089E+05
    0.40447E-02    0.16324E+05
    0.41264E-02    0.16561E+05
    0.42098E-02    0.16800E+05
    0.42948E-02    0.17040E+05
    0.43816E-02    0.17282E+05
    0.44701E-02    0.17526E+05
    0.45604E-02    0.17770E+05
    0.46525E-02    0.18016E+05
    0.47465E-02    0.18263E+05
    0.48424E-02    0.18511E+05
    0.49402E-02    0.18760E+05
    0.50400E-02    0.19011E+05
    0.51419E-02    0.19261E+05
    0.52457E-02    0.19513E+05
    0.53517E-02    0.19765E+05
    0.54598E-02    0.20018E+05
    0.55701E-02    0.20271E+05
    0.56826E-02    0.20524E+05
    0.57974E-02    0.20778E+05
    0.59145E-02    0.21031E+05
    0.60340E-02    0.21284E+05
    0.61559E-02    0.21537E+05
    0.62803E-02    0.21790E+05
    0.64072E-02    0.22042E+05
    0.65366E-02    0.22293E+05
    0.66686E-02    0.22543E+05
    0.68033E-02    0.22793E+05
    0.69408E-02    0.23041E+05
    0.70810E-02    0.23287E+05
    0.72240E-02    0.23532E+05
    0.73700E-02    0.23775E+05
    0.75189E-02    0.24016E+05
    0.76708E-02    0.24255E+05
    0.78257E-02    0.24492E+05
    0.79838E-02    0.24726E+05
    0.81451E-02    0.24957E+05
    0.83096E-02    0.25185E+05
    0.84775E-02    0.25410E+05
    0.86488E-02    0.25631E+05
    0.88235E-02    0.25848E+05
    0.90017E-02    0.26061E+05
    0.91836E-02    0.26271E+05
    0.93691E-02    0.26475E+05
    0.95583E-02    0.26675E+05
    0.97514E-02    0.26869E+05
    0.99484E-02    0.27059E+05
    0.10149E-01    0.27242E+05
    0.10354E-01    0.27420E+05
    0.10564E-01    0.27591E+05
    0.10777E-01    0.27756E+05
    0.10995E-01    0.27914E+05
    0.11217E-01    0.28065E+05
    0.11443E-01    0.28209E+05
    0.11675E-01    0.28344E+05
    0.11910E-01    0.28472E+05
    0.12151E-01    0.28591E+05
    0.12397E-01    0.28702E+05
    0.12647E-01    0.28803E+05
    0.12902E-01    0.28896E+05
    0.13163E-01    0.28978E+05
    0.13429E-01    0.29051E+05
    0.13700E-01    0.29113E+05
    0.13977E-01    0.29165E+05
    0.14259E-01    0.29206E+05
    0.14547E-01    0.29235E+05
    0.14841E-01    0.29253E+05
    0.15141E-01    0.29260E+05
    0.15447E-01    0.29254E+05
    0.15759E-01    0.29236E+05
    0.16077E-01    0.29205E+05
    0.16402E-01    0.29161E+05
    0.16734E-01    0.29105E+05
    0.17072E-01    0.29035E+05
    0.17416E-01    0.28952E+05
    0.17768E-01    0.28855E+05
    0.18127E-01    0.28744E+05
    0.18493E-01    0.28619E+05
    0.18867E-01    0.28481E+05
    0.19248E-01    0.28328E+05
    0.19637E-01    0.28161E+05
    0.20034E-01    0.27980E+05
    0.20438E-01    0.27786E+05
    0.20851E-01    0.27577E+05
    0.21272E-01    0.27354E+05
    0.21702E-01    0.27118E+05
    0.22141E-01    0.26868E+05
    0.22588E-01    0.26605E+05
    0.23044E-01    0.26329E+05
    0.23510E-01    0.26041E+05
    0.23985E-01    0.25740E+05
    0.24469E-01    0.25428E+05
    0.24964E-01    0.25104E+05
    0.25468E-01    0.24770E+05
    0.25982E-01    0.24426E+05
    0.26507E-01    0.24072E+05
    0.27043E-01    0.23710E+05
    0.27589E-01    0.23340E+05
    0.28146E-01    0.22963E+05
    0.28715E-01    0.22579E+05
    0.29295E-01    0.22191E+05
    0.29887E-01    0.21798E+05
    0.30490E-01    0.21402E+05
    0.31106E-01    0.21004E+05
    0.31735E-01    0.20605E+05
    0.32376E-01    0.20206E+05
    0.33030E-01    0.19807E+05
    0.33697E-01    0.19410E+05
    0.34378E-01    0.19015E+05
    0.35072E-01    0.18622E+05
    0.35781E-01    0.18235E+05
    0.36504E-01    0.17853E+05
    0.37241E-01    0.17477E+05
    0.37993E-01    0.17110E+05
    0.38761E-01    0.16753E+05
    0.39544E-01    0.16406E+05
    0.40343E-01    0.16070E+05
    0.41158E-01    0.15747E+05
    0.41989E-01    0.15437E+05
    0.42838E-01    0.15139E+05
    0.43703E-01    0.14854E+05
    0.44586E-01    0.14583E+05
    0.45486E-01    0.14324E+05
    0.46405E-01    0.14077E+05
    0.47343E-01    0.13842E+05
    0.48299E-01    0.13618E+05
    0.49275E-01    0.13404E+05
    0.50270E-01    0.13200E+05
    0.51286E-01    0.13004E+05
    0.52322E-01    0.12817E+05
    0.53379E-01    0.12637E+05
    0.54457E-01    0.12464E+05
    0.55557E-01    0.12299E+05
    0.56680E-01    0.12139E+05
    0.57825E-01    0.11983E+05
    0.58993E-01    0.11826E+05
    0.60184E-01    0.11665E+05
    0.61400E-01    0.11498E+05
    0.62641E-01    0.11322E+05
    0.63906E-01    0.11137E+05
    0.65197E-01    0.10942E+05
    0.66514E-01    0.10736E+05
    0.67858E-01    0.10519E+05
    0.69229E-01    0.10290E+05
    0.70627E-01    0.10048E+05
    0.72054E-01    0.97919E+04
    0.73510E-01    0.95241E+04
    0.74994E-01    0.92456E+04
    0.76509E-01    0.89577E+04
    0.78055E-01    0.86628E+04
    0.79632E-01    0.83633E+04
    0.81241E-01    0.80616E+04
    0.82882E-01    0.77609E+04
    0.84556E-01    0.74640E+04
    0.86264E-01    0.71739E+04
    0.88007E-01    0.68938E+04
    0.89785E-01    0.66263E+04
    0.91598E-01    0.63740E+04
    0.93449E-01    0.61391E+04
    0.95337E-01    0.59232E+04
    0.97263E-01    0.57271E+04
    0.99227E-01    0.55512E+04
    0.10123E+00    0.53950E+04
    0.10328E+00    0.52574E+04
    0.10536E+00    0.51369E+04
    0.10749E+00    0.50312E+04
    0.10966E+00    0.49377E+04
    0.11188E+00    0.48529E+04
    0.11414E+00    0.47733E+04
    0.11644E+00    0.46943E+04
    0.11880E+00    0.46115E+04
    0.12120E+00    0.45207E+04
    0.12365E+00    0.44182E+04
    0.12614E+00    0.43023E+04
    0.12869E+00    0.41724E+04
    0.13129E+00    0.40299E+04
    0.13394E+00    0.38771E+04
    0.13665E+00    0.37174E+04
    0.13941E+00    0.35542E+04
    0.14223E+00    0.33911E+04
    0.14510E+00    0.32319E+04
    0.14803E+00    0.30808E+04
    0.15102E+00    0.29418E+04
    0.15407E+00    0.28181E+04
    0.15718E+00    0.27115E+04
    0.16036E+00    0.26217E+04
    0.16360E+00    0.25467E+04
    0.16690E+00    0.24835E+04
    0.17028E+00    0.24281E+04
    0.17371E+00    0.23769E+04
    0.17722E+00    0.23258E+04
    0.18080E+00    0.22710E+04
    0.18446E+00    0.22091E+04
    0.18818E+00    0.21383E+04
    0.19198E+00    0.20586E+04
    0.19586E+00    0.19721E+04
    0.19982E+00    0.18821E+04
    0.20386E+00    0.17923E+04
    0.20797E+00    0.17064E+04
    0.21218E+00    0.16278E+04
    0.21646E+00    0.15590E+04
    0.22083E+00    0.15009E+04
    0.22530E+00    0.14522E+04
    0.22985E+00    0.14104E+04
    0.23449E+00    0.13722E+04
    0.23923E+00    0.13344E+04
    0.24406E+00    0.12941E+04
    0.24899E+00    0.12499E+04
    0.25402E+00    0.12011E+04
    0.25915E+00    0.11490E+04
    0.26439E+00    0.10964E+04
    0.26973E+00    0.10459E+04
    0.27518E+00    0.99974E+03
    0.28074E+00    0.95892E+03
    0.28641E+00    0.92354E+03
    0.29219E+00    0.89237E+03
    0.29810E+00    0.86324E+03
    0.30412E+00    0.83422E+03
    0.31026E+00    0.80374E+03
    0.31653E+00    0.77158E+03
    0.32292E+00    0.73841E+03
    0.32945E+00    0.70564E+03
    0.33610E+00    0.67486E+03
    0.34289E+00    0.64683E+03
    0.34982E+00    0.62170E+03
    0.35689E+00    0.59865E+03
    0.36409E+00    0.57645E+03
    0.37145E+00    0.55429E+03
    0.37895E+00    0.53173E+03
    0.38661E+00    0.50912E+03
    0.39442E+00    0.48714E+03
    0.40239E+00    0.46642E+03
    0.41052E+00    0.44737E+03
    0.41881E+00    0.42951E+03
    0.42727E+00    0.41227E+03
    0.43590E+00    0.39552E+03
    0.44471E+00    0.37929E+03
    0.45369E+00    0.36359E+03
    0.46286E+00    0.34841E+03
    0.47221E+00    0.33377E+03
    0.48174E+00    0.31966E+03
    0.49148E+00    0.30609E+03
    0.50141E+00    0.29305E+03
    0.51153E+00    0.28053E+03
    0.52187E+00    0.26853E+03
    0.53241E+00    0.25703E+03
    0.54317E+00    0.24603E+03
    0.55414E+00    0.23548E+03
    0.56533E+00    0.22538E+03
    0.57675E+00    0.21571E+03
    0.58840E+00    0.20643E+03
    0.60029E+00    0.19754E+03
    0.61242E+00    0.18902E+03
    0.62479E+00    0.18084E+03
    0.63741E+00    0.17301E+03
    0.65029E+00    0.16549E+03
    0.66342E+00    0.15828E+03
    0.67683E+00    0.15136E+03
    0.69050E+00    0.14473E+03
    0.70445E+00    0.13838E+03
    0.71868E+00    0.13228E+03
    0.73320E+00    0.12644E+03
    0.74801E+00    0.12085E+03
    0.76312E+00    0.11549E+03
    0.77854E+00    0.11036E+03
    0.79426E+00    0.10545E+03
    0.81031E+00    0.10074E+03
    0.82668E+00    0.96243E+02
    0.84338E+00    0.91934E+02
    0.86041E+00    0.87812E+02
    0.87780E+00    0.83867E+02
    0.89553E+00    0.80092E+02
    0.91362E+00    0.76481E+02
    0.93208E+00    0.73027E+02
    0.95091E+00    0.69723E+02
    0.97011E+00    0.66563E+02
    0.98971E+00    0.63541E+02
    0.10097E+01    0.60650E+02
    0.10301E+01    0.57887E+02
    0.10509E+01    0.55245E+02
    0.10721E+01    0.52719E+02
    0.10938E+01    0.50304E+02
    0.11159E+01    0.47996E+02
    0.11384E+01    0.45791E+02
    0.11614E+01    0.43683E+02
    0.11849E+01    0.41669E+02
    0.12088E+01    0.39745E+02
    0.12333E+01    0.37907E+02
    0.12582E+01    0.36151E+02
    0.12836E+01    0.34473E+02
    0.13095E+01    0.32872E+02
    0.13360E+01    0.31342E+02
    0.13630E+01    0.29881E+02
    0.13905E+01    0.28487E+02
    0.14186E+01    0.27155E+02
    0.14472E+01    0.25884E+02
    0.14765E+01    0.24671E+02
    0.15063E+01    0.23513E+02
    0.15367E+01    0.22408E+02
    0.15678E+01    0.21354E+02
    0.15994E+01    0.20348E+02
    0.16318E+01    0.19388E+02
    0.16647E+01    0.18472E+02
    0.16984E+01    0.17598E+02
    0.17327E+01    0.16765E+02
    0.17677E+01    0.15970E+02
    0.18034E+01    0.15211E+02
    0.18398E+01    0.14488E+02
    0.18770E+01    0.13798E+02
    0.19149E+01    0.13140E+02
    0.19536E+01    0.12512E+02
    0.19930E+01    0.11913E+02
    0.20333E+01    0.11343E+02
    0.20744E+01    0.10798E+02
    0.21163E+01    0.10280E+02
    0.21590E+01    0.97855E+01
    0.22026E+01    0.93145E+01
    0.22471E+01    0.88659E+01
    0.22925E+01    0.84386E+01
    0.23388E+01    0.80316E+01
    0.23861E+01    0.76442E+01
    0.24343E+01    0.72753E+01
