1.000000e-04 524.763
1.020201e-04 534.87
1.040811e-04 545.181
1.061837e-04 555.7
1.083287e-04 566.432
1.105171e-04 577.381
1.127497e-04 588.55
1.150274e-04 599.946
1.173511e-04 611.571
1.197217e-04 623.432
1.221403e-04 635.532
1.246077e-04 647.876
1.271249e-04 660.47
1.296930e-04 673.318
1.323130e-04 686.426
1.349859e-04 699.799
1.377128e-04 713.441
1.404948e-04 727.198
1.433329e-04 741.204
1.462285e-04 755.492
1.491825e-04 770.069
1.521962e-04 784.94
1.552707e-04 800.112
1.584074e-04 815.59
1.616074e-04 831.381
1.648721e-04 847.491
1.682028e-04 863.926
1.716007e-04 880.693
1.750673e-04 897.799
1.786038e-04 915.251
1.822119e-04 933.055
1.858928e-04 951.219
1.896481e-04 969.75
1.934792e-04 988.607
1.973878e-04 1007.62
2.013753e-04 1027.02
2.054433e-04 1046.81
2.095936e-04 1067
2.138276e-04 1087.6
2.181472e-04 1108.62
2.225541e-04 1130.06
2.270500e-04 1151.93
2.316367e-04 1174.24
2.363161e-04 1197.01
2.410900e-04 1220.23
2.459603e-04 1243.93
2.509290e-04 1268.1
2.559981e-04 1292.76
2.611696e-04 1317.92
2.664456e-04 1343.59
2.718282e-04 1369.57
2.773195e-04 1395.89
2.829217e-04 1422.74
2.886371e-04 1450.13
2.944680e-04 1478.08
3.004166e-04 1506.59
3.064854e-04 1535.67
3.126768e-04 1565.34
3.189933e-04 1595.62
3.254374e-04 1626.5
3.320117e-04 1658.01
3.387188e-04 1690.15
3.455613e-04 1722.94
3.525421e-04 1756.4
3.596640e-04 1790.53
3.669297e-04 1825.35
3.743421e-04 1860.88
3.819044e-04 1896.61
3.896193e-04 1932.98
3.974902e-04 1970.08
4.055200e-04 2007.93
4.137120e-04 2046.55
4.220696e-04 2085.94
4.305960e-04 2126.13
4.392946e-04 2167.13
4.481689e-04 2208.96
4.572225e-04 2251.64
4.664590e-04 2295.18
4.758821e-04 2339.6
4.854956e-04 2384.91
4.953032e-04 2431.14
5.053090e-04 2478.31
5.155170e-04 2526.42
5.259311e-04 2575.34
5.365556e-04 2624.45
5.473947e-04 2674.55
5.584528e-04 2725.66
5.697343e-04 2777.8
5.812437e-04 2831
5.929856e-04 2885.27
6.049647e-04 2940.64
6.171858e-04 2997.13
6.296538e-04 3054.76
6.423737e-04 3113.55
6.553505e-04 3173.53
6.685894e-04 3234.72
6.820958e-04 3297.15
6.958751e-04 3360.84
7.099327e-04 3425.81
7.242743e-04 3492.1
7.389056e-04 3558.85
7.538325e-04 3626.11
7.690609e-04 3694.73
7.845970e-04 3764.74
8.004469e-04 3836.16
8.166170e-04 3909.02
8.331137e-04 3983.36
8.499438e-04 4059.19
8.671138e-04 4136.56
8.846306e-04 4215.49
9.025013e-04 4296.02
9.207331e-04 4378.17
9.393331e-04 4461.98
9.583089e-04 4547.48
9.776680e-04 4634.71
9.974182e-04 4723.71
1.017567e-03 4814.5
1.038124e-03 4904.32
1.059095e-03 4995.45
1.080490e-03 5088.42
1.102318e-03 5183.26
1.124586e-03 5280.02
1.147304e-03 5378.74
1.170481e-03 5479.45
1.194126e-03 5582.19
1.218249e-03 5687.01
1.242860e-03 5793.94
1.267967e-03 5903.04
1.293582e-03 6014.34
1.319714e-03 6127.88
1.346374e-03 6243.72
1.373572e-03 6361.9
1.401320e-03 6482.47
1.429629e-03 6604.26
1.458509e-03 6722.91
1.487973e-03 6843.96
1.518032e-03 6967.45
1.548699e-03 7093.44
1.579984e-03 7221.97
1.611902e-03 7353.1
1.644465e-03 7486.87
1.677685e-03 7623.35
1.711577e-03 7762.58
1.746153e-03 7904.62
1.781427e-03 8049.54
1.817415e-03 8197.37
1.854129e-03 8348.2
1.891585e-03 8502.07
1.929797e-03 8659.05
1.968782e-03 8819.19
2.008554e-03 8975.37
2.049129e-03 9127.78
2.090524e-03 9283.27
2.132756e-03 9441.89
2.175840e-03 9603.73
2.219795e-03 9768.82
2.264638e-03 9937.25
2.310387e-03 10109.1
2.357060e-03 10284.4
2.404675e-03 10463.2
2.453253e-03 10645.7
2.502812e-03 10831.8
2.553372e-03 11021.7
2.604954e-03 11215.4
2.657577e-03 11413.1
2.711264e-03 11614.7
2.766035e-03 11820.4
2.821913e-03 12006.9
2.878919e-03 12192.9
2.937077e-03 12382.7
2.996410e-03 12576.3
3.056942e-03 12773.9
3.118696e-03 12975.4
3.181698e-03 13180.9
3.245972e-03 13390.6
3.311545e-03 13604.6
3.378443e-03 13822.8
3.446692e-03 14045.5
3.516320e-03 14272.7
3.587354e-03 14504.4
3.659823e-03 14740.8
3.733757e-03 14982
3.809184e-03 15228.1
3.886134e-03 15474.2
3.964639e-03 15702.5
4.044730e-03 15935.4
4.126439e-03 16173.1
4.209799e-03 16415.3
4.294843e-03 16649
4.381604e-03 16887.4
4.470118e-03 17130.6
4.560421e-03 17378.6
4.652547e-03 17618.8
4.746535e-03 17861.3
4.842422e-03 18108.8
4.940245e-03 18361.3
5.040044e-03 18607.2
5.141860e-03 18852.5
5.245733e-03 19102.7
5.351703e-03 19358
5.459815e-03 19608.7
5.570111e-03 19854.9
5.682634e-03 20106.2
5.797431e-03 20362.4
5.914547e-03 20616.5
6.034029e-03 20861.6
6.155924e-03 21111.7
6.280282e-03 21366.8
6.407152e-03 21622.7
6.536585e-03 21864.2
6.668633e-03 22110.6
6.803348e-03 22361.9
6.940785e-03 22617.9
7.080998e-03 22852.9
7.224044e-03 23092.7
7.369979e-03 23337.2
7.518863e-03 23586.7
7.670754e-03 23816.5
7.825713e-03 24046.4
7.983803e-03 24280.9
8.145087e-03 24520.1
8.309629e-03 24742.5
8.477494e-03 24958.9
8.648751e-03 25179.7
8.823467e-03 25404.8
9.001713e-03 25616.7
9.183560e-03 25815.7
9.369080e-03 26018.7
9.558348e-03 26225.7
9.751439e-03 26423.8
9.948432e-03 26601
1.014940e-02 26781.7
1.035443e-02 26966
1.056361e-02 27146.8
1.077701e-02 27297.5
1.099472e-02 27451.2
1.121683e-02 27608
1.144342e-02 27767.3
1.167459e-02 27886.6
1.191044e-02 28008.3
1.215104e-02 28132.4
1.239651e-02 28258.9
1.264694e-02 28348.8
1.290242e-02 28433.3
1.316307e-02 28519.5
1.342898e-02 28607.4
1.370026e-02 28664.1
1.397702e-02 28706.4
1.425938e-02 28749.5
1.454744e-02 28793.4
1.484132e-02 28812.7
1.514113e-02 28807.9
1.544700e-02 28803
1.575905e-02 28797.9
1.607741e-02 28775.4
1.640219e-02 28719.4
1.673354e-02 28662.3
1.707158e-02 28604
1.741645e-02 28535.8
1.776828e-02 28425.7
1.812722e-02 28313.4
1.849342e-02 28198.8
1.886701e-02 28081.3
1.924815e-02 27915.7
1.963699e-02 27746.7
2.003368e-02 27574.4
2.043839e-02 27398.6
2.085127e-02 27184.5
2.127249e-02 26959.7
2.170223e-02 26730.4
2.214064e-02 26496.7
2.258791e-02 26235.7
2.304422e-02 25958.8
2.350974e-02 25676.5
2.398467e-02 25388.7
2.446919e-02 25083.7
2.496350e-02 24761.8
2.546780e-02 24433.6
2.598228e-02 24099
2.650716e-02 23754.9
2.704264e-02 23398.5
2.758894e-02 23035.3
2.814627e-02 22665
2.871486e-02 22289
2.929494e-02 21912.3
2.988674e-02 21528.3
3.049049e-02 21136.9
3.110644e-02 20738.4
3.173483e-02 20358
3.237592e-02 19970.4
3.302996e-02 19575.4
3.369721e-02 19172.8
3.437793e-02 18797.4
3.507241e-02 18421.1
3.578092e-02 18037.7
3.650375e-02 17647.2
3.724117e-02 17288.6
3.799349e-02 16941.9
3.876101e-02 16588.7
3.954404e-02 16228.8
4.034288e-02 15899.6
4.115786e-02 15599.8
4.198930e-02 15294.3
4.283754e-02 14983.1
4.370292e-02 14691.6
4.458578e-02 14443.1
4.548647e-02 14189.7
4.640536e-02 13931.9
4.734281e-02 13680.5
4.829920e-02 13476.1
4.927490e-02 13267.9
5.027032e-02 13055.8
5.128585e-02 12840.4
5.232189e-02 12668.6
5.337887e-02 12493.7
5.445719e-02 12315.5
5.555730e-02 12134.2
5.667963e-02 11975.1
5.782464e-02 11817.6
5.899277e-02 11657.3
6.018450e-02 11494
6.140031e-02 11321.7
6.264068e-02 11144.5
6.390611e-02 10963.9
6.519709e-02 10780.4
6.651416e-02 10572.7
6.785784e-02 10361.5
6.922866e-02 10147.1
7.062717e-02 9917.01
7.205393e-02 9671.39
7.350952e-02 9422.31
7.499451e-02 9166.4
7.650950e-02 8897.54
7.805509e-02 8624.58
7.963191e-02 8349.36
8.124058e-02 8076.24
8.288175e-02 7798.91
8.455607e-02 7525.06
8.626422e-02 7266.04
8.800687e-02 7004.13
8.978473e-02 6760.92
9.159850e-02 6531.81
9.344891e-02 6300.39
9.533671e-02 6110.24
9.726264e-02 5919.75
9.922747e-02 5748.41
1.012320e-01 5597.47
1.032770e-01 5449.23
1.053634e-01 5329.49
1.074918e-01 5208.41
1.096633e-01 5106.07
1.118787e-01 5005.93
1.141388e-01 4908.72
1.164445e-01 4814.68
1.187969e-01 4716.49
1.211967e-01 4616.38
1.236450e-01 4505.86
1.261428e-01 4391.95
1.286911e-01 4263.83
1.312908e-01 4134.08
1.339431e-01 3993.56
1.366489e-01 3851.72
1.394094e-01 3707.18
1.422257e-01 3565.44
1.450988e-01 3424.86
1.480300e-01 3291.23
1.510204e-01 3162.83
1.540712e-01 3045.73
1.571837e-01 2936.95
1.603590e-01 2836.49
1.635984e-01 2745.28
1.669034e-01 2660.16
1.702750e-01 2578.92
1.737148e-01 2500.38
1.772241e-01 2422.78
1.808042e-01 2343.75
1.844567e-01 2263.12
1.881830e-01 2180.38
1.919846e-01 2094.41
1.958629e-01 2007.07
1.998196e-01 1919.41
2.038562e-01 1832.96
2.079744e-01 1748.94
2.121757e-01 1668.36
2.164620e-01 1590.39
2.208348e-01 1517.54
2.252960e-01 1446.65
2.298472e-01 1379.83
2.344905e-01 1314.91
2.392275e-01 1251.2
2.440602e-01 1188.26
2.489905e-01 1125.31
2.540205e-01 1064.6
2.591520e-01 1003.97
2.643873e-01 944.799
2.697282e-01 887.001
2.751771e-01 831.93
2.807361e-01 778.849
2.864073e-01 727.715
2.921931e-01 679.015
2.980958e-01 632.05
3.041177e-01 587.018
3.102613e-01 543.846
3.165290e-01 502.086
3.229233e-01 462.585
3.294468e-01 424.656
3.361021e-01 388.746
3.428918e-01 354.725
3.498187e-01 322.769
3.568855e-01 292.719
3.640950e-01 264.537
3.714502e-01 238.276
3.789540e-01 213.8
3.866094e-01 191.065
3.944194e-01 170.079
4.023872e-01 150.516
4.105160e-01 132.843
4.188090e-01 116.767
4.272695e-01 102.171
4.359009e-01 88.9956
4.447067e-01 77.1354
4.536903e-01 66.4951
4.628555e-01 57.0194
4.722058e-01 48.6103
4.817450e-01 41.191
4.914769e-01 34.6646
5.014054e-01 28.9901
5.115344e-01 24.0708
5.218681e-01 19.8538
5.324106e-01 16.2578
5.431660e-01 13.2253
5.541386e-01 10.6667
5.653330e-01 8.57243
5.767535e-01 6.82279
5.884047e-01 5.38603
6.002912e-01 4.21361
6.124179e-01 3.26628
6.247896e-01 2.50979
6.374112e-01 1.9089
6.502877e-01 1.44308
6.634244e-01 1.07337
6.768265e-01 0.793425
6.904993e-01 0.580916
7.044483e-01 0.420683
7.186791e-01 0.301502
7.331974e-01 0.21347
7.480089e-01 0.149407
7.631197e-01 0.103341
7.785357e-01 0.0703368
7.942632e-01 0.0475011
8.103084e-01 0.0315769
8.266777e-01 0.0207072
8.433777e-01 0.0134148
8.604151e-01 0.008484
8.777966e-01 0.00537679
8.955293e-01 0.00333406
9.136202e-01 0.00205518
9.320765e-01 0.00122175
9.509057e-01 0.000721503
9.701153e-01 0.000419078
9.897129e-01 0.00023883
1.009706e+00 0.000133852
1.030104e+00 7.35768e-05
1.050913e+00 3.96822e-05
1.072143e+00 2.09871e-05
1.093802e+00 1.08689e-05
1.115898e+00 5.51143e-06
1.138441e+00 2.73456e-06
1.161439e+00 1.32454e-06
1.184901e+00 6.26335e-07
1.208838e+00 2.88755e-07
1.233258e+00 1.29778e-07
1.258172e+00 5.67843e-08
1.283588e+00 2.41588e-08
1.309519e+00 9.97258e-09
1.335973e+00 3.99064e-09
1.362961e+00 1.54846e-09
1.390495e+00 5.80847e-10
1.418585e+00 2.10513e-10
1.447242e+00 7.35835e-11
1.476478e+00 2.47645e-11
1.506305e+00 8.01462e-12
1.536734e+00 2.49043e-12
1.567778e+00 7.41498e-13
1.599450e+00 2.1131e-13
1.631761e+00 5.74911e-14
1.664724e+00 1.49056e-14
1.698354e+00 3.67668e-15
1.732663e+00 8.60999e-16
1.767665e+00 1.9106e-16
1.803374e+00 4.00716e-17
1.839805e+00 7.92755e-18
1.876972e+00 1.47526e-18
1.914889e+00 2.57648e-19
1.953572e+00 4.21287e-20
1.993037e+00 6.4334e-21
2.033299e+00 9.14617e-22
2.074374e+00 1.20701e-22
2.116280e+00 1.4743e-23
2.159031e+00 1.6614e-24
2.202647e+00 1.72221e-25
2.247143e+00 1.63628e-26
2.292538e+00 1.41977e-27
2.338851e+00 1.12077e-28
2.386099e+00 8.02034e-30
2.434301e+00 5.18363e-31
