1.000000e-04 524.319
1.020201e-04 534.413
1.040811e-04 544.71
1.061837e-04 555.215
1.083287e-04 565.933
1.105171e-04 576.867
1.127497e-04 588.022
1.150274e-04 599.402
1.173511e-04 611.012
1.197217e-04 622.857
1.221403e-04 634.941
1.246077e-04 647.269
1.271249e-04 659.847
1.296930e-04 672.678
1.323130e-04 685.768
1.349859e-04 699.123
1.377128e-04 712.748
1.404948e-04 726.582
1.433329e-04 740.569
1.462285e-04 754.838
1.491825e-04 769.395
1.521962e-04 784.247
1.552707e-04 799.399
1.584074e-04 814.856
1.616074e-04 830.626
1.648721e-04 846.714
1.682028e-04 863.128
1.716007e-04 879.873
1.750673e-04 896.956
1.786038e-04 914.385
1.822119e-04 932.165
1.858928e-04 950.305
1.896481e-04 968.811
1.934792e-04 987.691
1.973878e-04 1006.77
2.013753e-04 1026.14
2.054433e-04 1045.91
2.095936e-04 1066.07
2.138276e-04 1086.64
2.181472e-04 1107.63
2.225541e-04 1129.04
2.270500e-04 1150.88
2.316367e-04 1173.17
2.363161e-04 1195.9
2.410900e-04 1219.09
2.459603e-04 1242.76
2.509290e-04 1266.9
2.559981e-04 1291.53
2.611696e-04 1316.65
2.664456e-04 1342.28
2.718282e-04 1368.43
2.773195e-04 1394.71
2.829217e-04 1421.53
2.886371e-04 1448.88
2.944680e-04 1476.79
3.004166e-04 1505.26
3.064854e-04 1534.3
3.126768e-04 1563.93
3.189933e-04 1594.17
3.254374e-04 1625.01
3.320117e-04 1656.47
3.387188e-04 1688.57
3.455613e-04 1721.32
3.525421e-04 1754.73
3.596640e-04 1788.81
3.669297e-04 1823.59
3.743421e-04 1859.07
3.819044e-04 1895.05
3.896193e-04 1931.37
3.974902e-04 1968.42
4.055200e-04 2006.21
4.137120e-04 2044.77
4.220696e-04 2084.11
4.305960e-04 2124.25
4.392946e-04 2165.19
4.481689e-04 2206.97
4.572225e-04 2249.58
4.664590e-04 2293.06
4.758821e-04 2337.41
4.854956e-04 2382.67
4.953032e-04 2428.83
5.053090e-04 2475.93
5.155170e-04 2523.98
5.259311e-04 2573
5.365556e-04 2622.35
5.473947e-04 2672.37
5.584528e-04 2723.41
5.697343e-04 2775.47
5.812437e-04 2828.59
5.929856e-04 2882.78
6.049647e-04 2938.07
6.171858e-04 2994.47
6.296538e-04 3052.02
6.423737e-04 3110.72
6.553505e-04 3170.61
6.685894e-04 3231.71
6.820958e-04 3294.05
6.958751e-04 3357.64
7.099327e-04 3422.52
7.242743e-04 3488.71
7.389056e-04 3556.21
7.538325e-04 3623.36
7.690609e-04 3691.87
7.845970e-04 3761.76
8.004469e-04 3833.06
8.166170e-04 3905.81
8.331137e-04 3980.02
8.499438e-04 4055.73
8.671138e-04 4132.97
8.846306e-04 4211.77
9.025013e-04 4292.16
9.207331e-04 4374.18
9.393331e-04 4457.85
9.583089e-04 4543.22
9.776680e-04 4630.3
9.974182e-04 4719.15
1.017567e-03 4809.79
1.038124e-03 4901.11
1.059095e-03 4992.06
1.080490e-03 5084.85
1.102318e-03 5179.51
1.124586e-03 5276.08
1.147304e-03 5374.6
1.170481e-03 5475.12
1.194126e-03 5577.66
1.218249e-03 5682.28
1.242860e-03 5789
1.267967e-03 5897.89
1.293582e-03 6008.97
1.319714e-03 6122.29
1.346374e-03 6237.91
1.373572e-03 6355.86
1.401320e-03 6476.19
1.429629e-03 6598.95
1.458509e-03 6719.52
1.487973e-03 6840.27
1.518032e-03 6963.45
1.548699e-03 7089.13
1.579984e-03 7217.34
1.611902e-03 7348.14
1.644465e-03 7481.58
1.677685e-03 7617.72
1.711577e-03 7756.61
1.746153e-03 7898.3
1.781427e-03 8042.85
1.817415e-03 8190.32
1.854129e-03 8340.77
1.891585e-03 8494.26
1.929797e-03 8650.85
1.968782e-03 8810.6
2.008554e-03 8973.42
2.049129e-03 9125.32
2.090524e-03 9280.28
2.132756e-03 9438.37
2.175840e-03 9599.65
2.219795e-03 9764.18
2.264638e-03 9932.04
2.310387e-03 10103.3
2.357060e-03 10278
2.404675e-03 10456.2
2.453253e-03 10638.1
2.502812e-03 10823.6
2.553372e-03 11012.8
2.604954e-03 11205.9
2.657577e-03 11402.8
2.711264e-03 11603.8
2.766035e-03 11808.8
2.821913e-03 12008.3
2.878919e-03 12193.5
2.937077e-03 12382.3
2.996410e-03 12575
3.056942e-03 12771.6
3.118696e-03 12972.1
3.181698e-03 13176.7
3.245972e-03 13385.4
3.311545e-03 13598.3
3.378443e-03 13815.5
3.446692e-03 14037.1
3.516320e-03 14263.2
3.587354e-03 14493.8
3.659823e-03 14729
3.733757e-03 14969.1
3.809184e-03 15213.9
3.886134e-03 15463.7
3.964639e-03 15699.6
4.044730e-03 15931.2
4.126439e-03 16167.4
4.209799e-03 16408.4
4.294843e-03 16647.2
4.381604e-03 16884.1
4.470118e-03 17125.7
4.560421e-03 17372.1
4.652547e-03 17618.3
4.746535e-03 17859.1
4.842422e-03 18104.8
4.940245e-03 18355.5
5.040044e-03 18608.2
5.141860e-03 18851.6
5.245733e-03 19099.9
5.351703e-03 19353.2
5.459815e-03 19611.4
5.570111e-03 19855.6
5.682634e-03 20104.7
5.797431e-03 20358.7
5.914547e-03 20617.9
6.034029e-03 20864.1
6.155924e-03 21111.8
6.280282e-03 21364.5
6.407152e-03 21622.3
6.536585e-03 21868.9
6.668633e-03 22112.7
6.803348e-03 22361.4
6.940785e-03 22615
7.080998e-03 22860.2
7.224044e-03 23097.1
7.369979e-03 23338.8
7.518863e-03 23585.4
7.670754e-03 23826.8
7.825713e-03 24053.7
7.983803e-03 24285.1
8.145087e-03 24521.1
8.309629e-03 24756.2
8.477494e-03 24969.4
8.648751e-03 25186.8
8.823467e-03 25408.6
9.001713e-03 25634.5
9.183560e-03 25830
9.369080e-03 26029.4
9.558348e-03 26232.8
9.751439e-03 26440.3
9.948432e-03 26619.7
1.014940e-02 26796.7
1.035443e-02 26977.2
1.056361e-02 27161.3
1.077701e-02 27321.3
1.099472e-02 27471.1
1.121683e-02 27623.8
1.144342e-02 27779.5
1.167459e-02 27916.1
1.191044e-02 28033.7
1.215104e-02 28153.6
1.239651e-02 28275.9
1.264694e-02 28384.8
1.290242e-02 28465.1
1.316307e-02 28547
1.342898e-02 28630.5
1.370026e-02 28707.1
1.397702e-02 28745.2
1.425938e-02 28783.9
1.454744e-02 28823.3
1.484132e-02 28863
1.514113e-02 28854
1.544700e-02 28844.8
1.575905e-02 28835.3
1.607741e-02 28825.6
1.640219e-02 28773.3
1.673354e-02 28712
1.707158e-02 28649.4
1.741645e-02 28585.5
1.776828e-02 28487.2
1.812722e-02 28370.9
1.849342e-02 28252.3
1.886701e-02 28131.3
1.924815e-02 27984.4
1.963699e-02 27811.8
2.003368e-02 27635.8
2.043839e-02 27456.3
2.085127e-02 27259.2
2.127249e-02 27031.3
2.170223e-02 26798.9
2.214064e-02 26562
2.258791e-02 26314.5
2.304422e-02 26035.2
2.350974e-02 25750.4
2.398467e-02 25460
2.446919e-02 25163.7
2.496350e-02 24840.1
2.546780e-02 24510.3
2.598228e-02 24174
2.650716e-02 23831.2
2.704264e-02 23475.3
2.758894e-02 23111.4
2.814627e-02 22740.3
2.871486e-02 22362.1
2.929494e-02 21982.9
2.988674e-02 21599.3
3.049049e-02 21208.4
3.110644e-02 20809.9
3.173483e-02 20417.8
3.237592e-02 20031.7
3.302996e-02 19638.2
3.369721e-02 19237.3
3.437793e-02 18843.1
3.507241e-02 18469.1
3.578092e-02 18088
3.650375e-02 17699.8
3.724117e-02 17314.8
3.799349e-02 16971.5
3.876101e-02 16621.8
3.954404e-02 16265.5
4.034288e-02 15903.4
4.115786e-02 15607.5
4.198930e-02 15306.1
4.283754e-02 14999.1
4.370292e-02 14686.4
4.458578e-02 14430.4
4.548647e-02 14181.2
4.640536e-02 13927.3
4.734281e-02 13668.9
4.829920e-02 13448.2
4.927490e-02 13243.8
5.027032e-02 13035.4
5.128585e-02 12823.3
5.232189e-02 12631.9
5.337887e-02 12460.5
5.445719e-02 12286
5.555730e-02 12108.2
5.667963e-02 11937.4
5.782464e-02 11782.5
5.899277e-02 11625
6.018450e-02 11464.5
6.140031e-02 11298.7
6.264068e-02 11123.5
6.390611e-02 10945.2
6.519709e-02 10763.7
6.651416e-02 10568.5
6.785784e-02 10359.5
6.922866e-02 10146.8
7.062717e-02 9930.39
7.205393e-02 9687.18
7.350952e-02 9440.04
7.499451e-02 9189.18
7.650950e-02 8925.9
7.805509e-02 8655.56
7.963191e-02 8381.32
8.124058e-02 8108.84
8.288175e-02 7834.83
8.455607e-02 7556.59
8.626422e-02 7296.44
8.800687e-02 7038.48
8.978473e-02 6777.86
9.159850e-02 6554.56
9.344891e-02 6327.37
9.533671e-02 6117.38
9.726264e-02 5931.4
9.922747e-02 5742.98
1.012320e-01 5594.78
1.032770e-01 5445.61
1.053634e-01 5316.34
1.074918e-01 5198.22
1.096633e-01 5087.15
1.118787e-01 4988.35
1.141388e-01 4890.07
1.164445e-01 4797.56
1.187969e-01 4702.95
1.211967e-01 4603.17
1.236450e-01 4500
1.261428e-01 4385.37
1.286911e-01 4267.06
1.312908e-01 4137.03
1.339431e-01 4000.88
1.366489e-01 3861.26
1.394094e-01 3718.76
1.422257e-01 3576.51
1.450988e-01 3436.53
1.480300e-01 3301.8
1.510204e-01 3171
1.540712e-01 3051.47
1.571837e-01 2938.45
1.603590e-01 2836.64
1.635984e-01 2743.14
1.669034e-01 2655.21
1.702750e-01 2573.36
1.737148e-01 2494.95
1.772241e-01 2417.21
1.808042e-01 2339.97
1.844567e-01 2260.55
1.881830e-01 2178.77
1.919846e-01 2094.71
1.958629e-01 2008.82
1.998196e-01 1921.98
2.038562e-01 1835.43
2.079744e-01 1750.89
2.121757e-01 1670.21
2.164620e-01 1591.03
2.208348e-01 1517.94
2.252960e-01 1445.82
2.298472e-01 1378.31
2.344905e-01 1312.75
2.392275e-01 1249.61
2.440602e-01 1187.11
2.489905e-01 1125.11
2.540205e-01 1064.09
2.591520e-01 1003.73
2.643873e-01 944.616
2.697282e-01 887.355
2.751771e-01 831.583
2.807361e-01 778.575
2.864073e-01 727.106
2.921931e-01 678.23
2.980958e-01 631.384
3.041177e-01 586.109
3.102613e-01 543.152
3.165290e-01 501.661
3.229233e-01 462.05
3.294468e-01 424.224
3.361021e-01 388.229
3.428918e-01 354.368
3.498187e-01 322.235
3.568855e-01 292.3
3.640950e-01 264.138
3.714502e-01 237.801
3.789540e-01 213.407
3.866094e-01 190.657
3.944194e-01 169.702
4.023872e-01 150.387
4.105160e-01 132.499
4.188090e-01 116.425
4.272695e-01 101.828
4.359009e-01 88.6892
4.447067e-01 76.8563
4.536903e-01 66.2469
4.628555e-01 56.8125
4.722058e-01 48.4221
4.817450e-01 41.0372
4.914769e-01 34.531
5.014054e-01 28.8805
5.115344e-01 23.9825
5.218681e-01 19.7798
5.324106e-01 16.1895
5.431660e-01 13.1626
5.541386e-01 10.6325
5.653330e-01 8.52729
5.767535e-01 6.78668
5.884047e-01 5.35439
6.002912e-01 4.1898
6.124179e-01 3.24825
6.247896e-01 2.4951
6.374112e-01 1.89814
6.502877e-01 1.42971
6.634244e-01 1.06695
6.768265e-01 0.788014
6.904993e-01 0.576559
7.044483e-01 0.417458
7.186791e-01 0.298322
7.331974e-01 0.211887
7.480089e-01 0.148198
7.631197e-01 0.102401
7.785357e-01 0.0699157
7.942632e-01 0.047078
8.103084e-01 0.0312877
8.266777e-01 0.0205135
8.433777e-01 0.0131527
8.604151e-01 0.00847633
8.777966e-01 0.00531722
8.955293e-01 0.00329505
9.136202e-01 0.00203061
9.320765e-01 0.00121885
9.509057e-01 0.000709283
9.701153e-01 0.000413572
9.897129e-01 0.000235865
1.009706e+00 0.000132048
1.030104e+00 7.25546e-05
1.050913e+00 3.9119e-05
1.072143e+00 2.06781e-05
1.093802e+00 1.07068e-05
1.115898e+00 5.42468e-06
1.138441e+00 2.69025e-06
1.161439e+00 1.30215e-06
1.184901e+00 6.15482e-07
1.208838e+00 2.83692e-07
1.233258e+00 1.27419e-07
1.258172e+00 5.56671e-08
1.283588e+00 2.36684e-08
1.309519e+00 9.77196e-09
1.335973e+00 3.90929e-09
1.362961e+00 1.51397e-09
1.390495e+00 5.67611e-10
1.418585e+00 2.05506e-10
1.447242e+00 7.17881e-11
1.476478e+00 2.41509e-11
1.506305e+00 7.80807e-12
1.536734e+00 2.42249e-12
1.567778e+00 7.20707e-13
1.599450e+00 2.05144e-13
1.631761e+00 5.57455e-14
1.664724e+00 1.44384e-14
1.698354e+00 3.55731e-15
1.732663e+00 8.31992e-16
1.767665e+00 1.84376e-16
1.803374e+00 3.86123e-17
1.839805e+00 7.62878e-18
1.876972e+00 1.41749e-18
1.914889e+00 2.47195e-19
1.953572e+00 4.03569e-20
1.993037e+00 6.15163e-21
2.033299e+00 8.73069e-22
2.074374e+00 1.15018e-22
2.116280e+00 1.40217e-23
2.159031e+00 1.57726e-24
2.202647e+00 1.63138e-25
2.247143e+00 1.54669e-26
2.292538e+00 1.33916e-27
2.338851e+00 1.05483e-28
2.386099e+00 7.53007e-30
2.434301e+00 4.85387e-31
