1.000000e-04 552.326
1.020201e-04 562.969
1.040811e-04 573.826
1.061837e-04 584.903
1.083287e-04 596.204
1.105171e-04 607.733
1.127497e-04 619.495
1.150274e-04 631.494
1.173511e-04 643.736
1.197217e-04 656.225
1.221403e-04 668.966
1.246077e-04 681.965
1.271249e-04 695.226
1.296930e-04 708.756
1.323130e-04 722.558
1.349859e-04 736.64
1.377128e-04 750.938
1.404948e-04 765.393
1.433329e-04 780.14
1.462285e-04 795.186
1.491825e-04 810.535
1.521962e-04 826.195
1.552707e-04 842.171
1.584074e-04 858.469
1.616074e-04 875.097
1.648721e-04 892.06
1.682028e-04 909.367
1.716007e-04 927.023
1.750673e-04 945.035
1.786038e-04 963.412
1.822119e-04 982.16
1.858928e-04 1001.29
1.896481e-04 1020.8
1.934792e-04 1040.51
1.973878e-04 1060.54
2.013753e-04 1080.96
2.054433e-04 1101.81
2.095936e-04 1123.07
2.138276e-04 1144.76
2.181472e-04 1166.89
2.225541e-04 1189.46
2.270500e-04 1212.49
2.316367e-04 1235.99
2.363161e-04 1259.96
2.410900e-04 1284.42
2.459603e-04 1309.37
2.509290e-04 1334.82
2.559981e-04 1360.79
2.611696e-04 1387.28
2.664456e-04 1414.31
2.718282e-04 1441.47
2.773195e-04 1469.18
2.829217e-04 1497.45
2.886371e-04 1526.29
2.944680e-04 1555.72
3.004166e-04 1585.73
3.064854e-04 1616.36
3.126768e-04 1647.6
3.189933e-04 1679.48
3.254374e-04 1712
3.320117e-04 1745.17
3.387188e-04 1779.02
3.455613e-04 1813.55
3.525421e-04 1848.78
3.596640e-04 1884.72
3.669297e-04 1921.38
3.743421e-04 1958.57
3.819044e-04 1996.11
3.896193e-04 2034.4
3.974902e-04 2073.46
4.055200e-04 2113.32
4.137120e-04 2153.97
4.220696e-04 2195.45
4.305960e-04 2237.77
4.392946e-04 2280.94
4.481689e-04 2324.99
4.572225e-04 2369.92
4.664590e-04 2415.77
4.758821e-04 2462.53
4.854956e-04 2510.25
4.953032e-04 2558.92
5.053090e-04 2608.59
5.155170e-04 2659.25
5.259311e-04 2710.25
5.365556e-04 2761.95
5.473947e-04 2814.7
5.584528e-04 2868.51
5.697343e-04 2923.41
5.812437e-04 2979.42
5.929856e-04 3036.56
6.049647e-04 3094.85
6.171858e-04 3154.32
6.296538e-04 3214.99
6.423737e-04 3276.89
6.553505e-04 3340.04
6.685894e-04 3404.46
6.820958e-04 3470.19
6.958751e-04 3537.24
7.099327e-04 3605.65
7.242743e-04 3675.42
7.389056e-04 3744.82
7.538325e-04 3815.63
7.690609e-04 3887.86
7.845970e-04 3961.55
8.004469e-04 4036.73
8.166170e-04 4113.43
8.331137e-04 4191.68
8.499438e-04 4271.51
8.671138e-04 4352.95
8.846306e-04 4436.04
9.025013e-04 4520.81
9.207331e-04 4607.28
9.393331e-04 4695.51
9.583089e-04 4785.52
9.776680e-04 4877.34
9.974182e-04 4971.02
1.017567e-03 5065.4
1.038124e-03 5159.4
1.059095e-03 5255.3
1.080490e-03 5353.14
1.102318e-03 5452.95
1.124586e-03 5554.77
1.147304e-03 5658.66
1.170481e-03 5764.64
1.194126e-03 5872.76
1.218249e-03 5983.07
1.242860e-03 6095.6
1.267967e-03 6210.41
1.293582e-03 6327.53
1.319714e-03 6447.02
1.346374e-03 6568.93
1.373572e-03 6693.3
1.401320e-03 6820.18
1.429629e-03 6944.78
1.458509e-03 7069.58
1.487973e-03 7196.89
1.518032e-03 7326.78
1.548699e-03 7459.29
1.579984e-03 7594.47
1.611902e-03 7732.39
1.644465e-03 7873.09
1.677685e-03 8016.63
1.711577e-03 8163.07
1.746153e-03 8312.47
1.781427e-03 8464.88
1.817415e-03 8620.38
1.854129e-03 8779.01
1.891585e-03 8940.85
1.929797e-03 9105.95
1.968782e-03 9274.24
2.008554e-03 9431.22
2.049129e-03 9591.38
2.090524e-03 9754.77
2.132756e-03 9921.45
2.175840e-03 10091.5
2.219795e-03 10265
2.264638e-03 10442
2.310387e-03 10622.5
2.357060e-03 10806.8
2.404675e-03 10994.7
2.453253e-03 11186.4
2.502812e-03 11382
2.553372e-03 11581.5
2.604954e-03 11785.1
2.657577e-03 11992.8
2.711264e-03 12204.6
2.766035e-03 12410.9
2.821913e-03 12602.2
2.878919e-03 12797.4
2.937077e-03 12996.6
2.996410e-03 13199.7
3.056942e-03 13407
3.118696e-03 13618.4
3.181698e-03 13834.1
3.245972e-03 14054.2
3.311545e-03 14278.7
3.378443e-03 14507.7
3.446692e-03 14741.3
3.516320e-03 14979.7
3.587354e-03 15222.9
3.659823e-03 15470.9
3.733757e-03 15724
3.809184e-03 15982.2
3.886134e-03 16226
3.964639e-03 16465.4
4.044730e-03 16709.5
4.126439e-03 16958.6
4.209799e-03 17205.4
4.294843e-03 17450.2
4.381604e-03 17699.9
4.470118e-03 17954.7
4.560421e-03 18209.1
4.652547e-03 18458
4.746535e-03 18712
4.842422e-03 18971
4.940245e-03 19232.2
5.040044e-03 19483.7
5.141860e-03 19740.4
5.245733e-03 20002.2
5.351703e-03 20269.1
5.459815e-03 20521.4
5.570111e-03 20778.9
5.682634e-03 21041.5
5.797431e-03 21309.4
5.914547e-03 21563.9
6.034029e-03 21819.9
6.155924e-03 22081
6.280282e-03 22347.5
6.407152e-03 22602.4
6.536585e-03 22854.4
6.668633e-03 23111.4
6.803348e-03 23373.6
6.940785e-03 23627
7.080998e-03 23871.9
7.224044e-03 24121.8
7.369979e-03 24376.6
7.518863e-03 24626.2
7.670754e-03 24860.7
7.825713e-03 25099.9
7.983803e-03 25343.9
8.145087e-03 25586.9
8.309629e-03 25807.3
8.477494e-03 26032
8.648751e-03 26261.3
8.823467e-03 26494.8
9.001713e-03 26696.9
9.183560e-03 26903
9.369080e-03 27113.3
9.558348e-03 27327.8
9.751439e-03 27513.3
9.948432e-03 27696.2
1.014940e-02 27882.8
1.035443e-02 28073.1
1.056361e-02 28238.5
1.077701e-02 28393.4
1.099472e-02 28551.3
1.121683e-02 28712.4
1.144342e-02 28853.6
1.167459e-02 28975.2
1.191044e-02 29099.2
1.215104e-02 29225.7
1.239651e-02 29338.3
1.264694e-02 29421.3
1.290242e-02 29506
1.316307e-02 29592.4
1.342898e-02 29671.6
1.370026e-02 29711
1.397702e-02 29751.1
1.425938e-02 29792
1.454744e-02 29833.1
1.484132e-02 29823.9
1.514113e-02 29814.5
1.544700e-02 29804.8
1.575905e-02 29795
1.607741e-02 29741
1.640219e-02 29677.8
1.673354e-02 29613.2
1.707158e-02 29547.4
1.741645e-02 29445.8
1.776828e-02 29325.7
1.812722e-02 29203.2
1.849342e-02 29078.2
1.886701e-02 28926.4
1.924815e-02 28748.2
1.963699e-02 28566.4
2.003368e-02 28381
2.043839e-02 28177.4
2.085127e-02 27942
2.127249e-02 27701.9
2.170223e-02 27457
2.214064e-02 27201.4
2.258791e-02 26912.8
2.304422e-02 26618.6
2.350974e-02 26318.5
2.398467e-02 26012.3
2.446919e-02 25678
2.496350e-02 25337.1
2.546780e-02 24989.5
2.598228e-02 24635.2
2.650716e-02 24267.5
2.704264e-02 23891.4
2.758894e-02 23508
2.814627e-02 23117.2
2.871486e-02 22725.3
2.929494e-02 22328.8
2.988674e-02 21924.8
3.049049e-02 21512.9
3.110644e-02 21107.6
3.173483e-02 20708.5
3.237592e-02 20301.8
3.302996e-02 19887.3
3.369721e-02 19479.9
3.437793e-02 19093.3
3.507241e-02 18699.5
3.578092e-02 18298.1
3.650375e-02 17900.2
3.724117e-02 17545.3
3.799349e-02 17183.7
3.876101e-02 16815.3
3.954404e-02 16441.1
4.034288e-02 16135.3
4.115786e-02 15823.7
4.198930e-02 15506.2
4.283754e-02 15182.9
4.370292e-02 14918.3
4.458578e-02 14660.7
4.548647e-02 14398.3
4.640536e-02 14131.2
4.734281e-02 13903.1
4.829920e-02 13691.8
4.927490e-02 13476.5
5.027032e-02 13257.3
5.128585e-02 13059.4
5.232189e-02 12882.4
5.337887e-02 12702.1
5.445719e-02 12518.4
5.555730e-02 12341.9
5.667963e-02 12181.9
5.782464e-02 12019.1
5.899277e-02 11853.3
6.018450e-02 11682
6.140031e-02 11501
6.264068e-02 11316.8
6.390611e-02 11129.5
6.519709e-02 10927.5
6.651416e-02 10711.4
6.785784e-02 10491.6
6.922866e-02 10267.9
7.062717e-02 10016.2
7.205393e-02 9760.57
7.350952e-02 9500.98
7.499451e-02 9228.52
7.650950e-02 8948.7
7.805509e-02 8664.87
7.963191e-02 8382.86
8.124058e-02 8099.02
8.288175e-02 7810.97
8.455607e-02 7541.51
8.626422e-02 7274.33
8.800687e-02 7004.43
8.978473e-02 6773.24
9.159850e-02 6538.09
9.344891e-02 6320.8
9.533671e-02 6128.38
9.726264e-02 5933.38
9.922747e-02 5780.27
1.012320e-01 5626.17
1.032770e-01 5492.76
1.053634e-01 5371.02
1.074918e-01 5256.49
1.096633e-01 5154.82
1.118787e-01 5054.82
1.141388e-01 4958.72
1.164445e-01 4861.37
1.187969e-01 4758.76
1.211967e-01 4652.54
1.236450e-01 4535.83
1.261428e-01 4411.13
1.286911e-01 4278.14
1.312908e-01 4137.37
1.339431e-01 3993.06
1.366489e-01 3845.7
1.394094e-01 3698.33
1.422257e-01 3554.12
1.450988e-01 3414.34
1.480300e-01 3278.96
1.510204e-01 3155.53
1.540712e-01 3038.95
1.571837e-01 2934.2
1.603590e-01 2838.09
1.635984e-01 2747.78
1.669034e-01 2663.95
1.702750e-01 2583.71
1.737148e-01 2504.22
1.772241e-01 2425.04
1.808042e-01 2343.7
1.844567e-01 2259.58
1.881830e-01 2173.29
1.919846e-01 2084.89
1.958629e-01 1995.51
1.998196e-01 1906.26
2.038562e-01 1819.2
2.079744e-01 1736.01
2.121757e-01 1654.56
2.164620e-01 1578.77
2.208348e-01 1505.31
2.252960e-01 1436.12
2.298472e-01 1368.88
2.344905e-01 1303.51
2.392275e-01 1239.92
2.440602e-01 1175.7
2.489905e-01 1112.96
2.540205e-01 1051.17
2.591520e-01 990.285
2.643873e-01 930.792
2.697282e-01 873.223
2.751771e-01 818.859
2.807361e-01 765.655
2.864073e-01 715.12
2.921931e-01 666.66
2.980958e-01 619.952
3.041177e-01 575.281
3.102613e-01 532.151
3.165290e-01 490.875
3.229233e-01 451.509
3.294468e-01 413.956
3.361021e-01 378.563
3.428918e-01 344.992
3.498187e-01 313.527
3.568855e-01 283.925
3.640950e-01 256.211
3.714502e-01 230.475
3.789540e-01 206.416
3.866094e-01 184.209
3.944194e-01 163.678
4.023872e-01 144.607
4.105160e-01 127.445
4.188090e-01 111.838
4.272695e-01 97.6905
4.359009e-01 84.9256
4.447067e-01 73.4569
4.536903e-01 63.2223
4.628555e-01 54.082
4.722058e-01 46.0076
4.817450e-01 38.8661
4.914769e-01 32.6386
5.014054e-01 27.2157
5.115344e-01 22.542
5.218681e-01 18.539
5.324106e-01 15.1412
5.431660e-01 12.2939
5.541386e-01 9.90582
5.653330e-01 7.92502
5.767535e-01 6.28573
5.884047e-01 4.94591
6.002912e-01 3.85636
6.124179e-01 2.97985
6.247896e-01 2.28073
6.374112e-01 1.72846
6.502877e-01 1.29827
6.634244e-01 0.965229
6.768265e-01 0.711055
6.904993e-01 0.518581
7.044483e-01 0.373203
7.186791e-01 0.2671
7.331974e-01 0.188277
7.480089e-01 0.131142
7.631197e-01 0.0902547
7.785357e-01 0.0612799
7.942632e-01 0.0410908
8.103084e-01 0.0271875
8.266777e-01 0.0177523
8.433777e-01 0.0114425
8.604151e-01 0.00725084
8.777966e-01 0.00453777
8.955293e-01 0.00282714
9.136202e-01 0.00169776
9.320765e-01 0.00101333
9.509057e-01 0.000594789
9.701153e-01 0.000343275
9.897129e-01 0.000194539
1.009706e+00 0.00010823
1.030104e+00 5.91322e-05
1.050913e+00 3.16837e-05
1.072143e+00 1.66289e-05
1.093802e+00 8.55433e-06
1.115898e+00 4.30374e-06
1.138441e+00 2.11783e-06
1.161439e+00 1.01748e-06
1.184901e+00 4.7708e-07
1.208838e+00 2.1813e-07
1.233258e+00 9.70775e-08
1.258172e+00 4.20864e-08
1.283588e+00 1.77265e-08
1.309519e+00 7.24505e-09
1.335973e+00 2.86795e-09
1.362961e+00 1.10015e-09
1.390495e+00 4.07999e-10
1.418585e+00 1.46134e-10
1.447242e+00 5.04558e-11
1.476478e+00 1.6757e-11
1.506305e+00 5.3491e-12
1.536734e+00 1.63909e-12
1.567778e+00 4.80932e-13
1.599450e+00 1.3495e-13
1.631761e+00 3.61335e-14
1.664724e+00 9.2159e-15
1.698354e+00 2.23435e-15
1.732663e+00 5.1407e-16
1.767665e+00 1.11955e-16
1.803374e+00 2.3034e-17
1.839805e+00 4.46483e-18
1.876972e+00 8.13667e-19
1.914889e+00 1.39069e-19
1.953572e+00 2.22332e-20
1.993037e+00 3.31611e-21
2.033299e+00 4.59979e-22
2.074374e+00 5.91831e-23
2.116280e+00 7.03948e-24
2.159031e+00 7.71703e-25
2.202647e+00 7.77393e-26
2.247143e+00 7.1692e-27
2.292538e+00 6.03023e-28
2.338851e+00 4.6094e-29
2.386099e+00 3.19015e-30
2.434301e+00 1.99145e-31
