1.000000e-04 501.569
1.020201e-04 511.341
1.040811e-04 521.31
1.061837e-04 531.481
1.083287e-04 541.857
1.105171e-04 552.443
1.127497e-04 563.243
1.150274e-04 574.261
1.173511e-04 585.501
1.197217e-04 596.969
1.221403e-04 608.668
1.246077e-04 620.603
1.271249e-04 632.78
1.296930e-04 645.203
1.323130e-04 657.876
1.349859e-04 670.806
1.377128e-04 683.997
1.404948e-04 697.334
1.433329e-04 710.919
1.462285e-04 724.778
1.491825e-04 738.917
1.521962e-04 753.342
1.552707e-04 768.058
1.584074e-04 783.071
1.616074e-04 798.388
1.648721e-04 814.014
1.682028e-04 829.956
1.716007e-04 846.219
1.750673e-04 862.812
1.786038e-04 879.739
1.822119e-04 897.009
1.858928e-04 914.627
1.896481e-04 932.601
1.934792e-04 950.902
1.973878e-04 969.405
2.013753e-04 988.282
2.054433e-04 1007.54
2.095936e-04 1027.19
2.138276e-04 1047.23
2.181472e-04 1067.68
2.225541e-04 1088.54
2.270500e-04 1109.83
2.316367e-04 1131.54
2.363161e-04 1153.69
2.410900e-04 1176.29
2.459603e-04 1199.35
2.509290e-04 1222.87
2.559981e-04 1246.87
2.611696e-04 1271.35
2.664456e-04 1296.33
2.718282e-04 1321.65
2.773195e-04 1347.34
2.829217e-04 1373.55
2.886371e-04 1400.29
2.944680e-04 1427.57
3.004166e-04 1455.4
3.064854e-04 1483.79
3.126768e-04 1512.76
3.189933e-04 1542.31
3.254374e-04 1572.46
3.320117e-04 1603.21
3.387188e-04 1634.59
3.455613e-04 1666.6
3.525421e-04 1699.26
3.596640e-04 1732.58
3.669297e-04 1766.57
3.743421e-04 1801.25
3.819044e-04 1836.23
3.896193e-04 1871.84
3.974902e-04 1908.18
4.055200e-04 1945.24
4.137120e-04 1983.06
4.220696e-04 2021.64
4.305960e-04 2061
4.392946e-04 2101.15
4.481689e-04 2142.11
4.572225e-04 2183.91
4.664590e-04 2226.54
4.758821e-04 2270.04
4.854956e-04 2314.42
4.953032e-04 2359.69
5.053090e-04 2405.88
5.155170e-04 2453
5.259311e-04 2500.93
5.365556e-04 2549.17
5.473947e-04 2598.39
5.584528e-04 2648.6
5.697343e-04 2699.82
5.812437e-04 2752.08
5.929856e-04 2805.4
6.049647e-04 2859.79
6.171858e-04 2915.28
6.296538e-04 2971.9
6.423737e-04 3029.65
6.553505e-04 3088.58
6.685894e-04 3148.69
6.820958e-04 3210.02
6.958751e-04 3272.58
7.099327e-04 3336.41
7.242743e-04 3401.53
7.389056e-04 3467.21
7.538325e-04 3533.5
7.690609e-04 3601.12
7.845970e-04 3670.11
8.004469e-04 3740.49
8.166170e-04 3812.29
8.331137e-04 3885.55
8.499438e-04 3960.28
8.671138e-04 4036.53
8.846306e-04 4114.31
9.025013e-04 4193.66
9.207331e-04 4274.62
9.393331e-04 4357.21
9.583089e-04 4441.47
9.776680e-04 4527.44
9.974182e-04 4615.14
1.017567e-03 4704.61
1.038124e-03 4793.36
1.059095e-03 4883.43
1.080490e-03 4975.33
1.102318e-03 5069.08
1.124586e-03 5164.73
1.147304e-03 5262.3
1.170481e-03 5361.85
1.194126e-03 5463.41
1.218249e-03 5567.02
1.242860e-03 5672.72
1.267967e-03 5780.56
1.293582e-03 5890.58
1.319714e-03 6002.82
1.346374e-03 6117.32
1.373572e-03 6234.14
1.401320e-03 6353.32
1.429629e-03 6473.76
1.458509e-03 6591.39
1.487973e-03 6711.4
1.518032e-03 6833.83
1.548699e-03 6958.73
1.579984e-03 7086.16
1.611902e-03 7216.15
1.644465e-03 7348.78
1.677685e-03 7484.08
1.711577e-03 7622.11
1.746153e-03 7762.93
1.781427e-03 7906.6
1.817415e-03 8053.16
1.854129e-03 8202.69
1.891585e-03 8355.24
1.929797e-03 8510.86
1.968782e-03 8669.63
2.008554e-03 8824.68
2.049129e-03 8976.2
2.090524e-03 9130.79
2.132756e-03 9288.5
2.175840e-03 9449.39
2.219795e-03 9613.54
2.264638e-03 9780.99
2.310387e-03 9951.83
2.357060e-03 10126.1
2.404675e-03 10303.9
2.453253e-03 10485.3
2.502812e-03 10670.4
2.553372e-03 10859.2
2.604954e-03 11051.8
2.657577e-03 11248.3
2.711264e-03 11448.7
2.766035e-03 11653.2
2.821913e-03 11839.1
2.878919e-03 12024.5
2.937077e-03 12213.7
2.996410e-03 12406.7
3.056942e-03 12603.6
3.118696e-03 12804.5
3.181698e-03 13009.5
3.245972e-03 13218.5
3.311545e-03 13431.8
3.378443e-03 13649.4
3.446692e-03 13871.4
3.516320e-03 14097.8
3.587354e-03 14328.8
3.659823e-03 14564.5
3.733757e-03 14805
3.809184e-03 15050.3
3.886134e-03 15295.7
3.964639e-03 15523.7
4.044730e-03 15756.3
4.126439e-03 15993.6
4.209799e-03 16235.5
4.294843e-03 16469.1
4.381604e-03 16707.3
4.470118e-03 16950.3
4.560421e-03 17198.2
4.652547e-03 17438.3
4.746535e-03 17680.9
4.842422e-03 17928.3
4.940245e-03 18180.8
5.040044e-03 18426.8
5.141860e-03 18672.3
5.245733e-03 18922.7
5.351703e-03 19178.2
5.459815e-03 19429.1
5.570111e-03 19675.8
5.682634e-03 19927.4
5.797431e-03 20184
5.914547e-03 20438.5
6.034029e-03 20684.2
6.155924e-03 20934.8
6.280282e-03 21190.4
6.407152e-03 21447
6.536585e-03 21689.2
6.668633e-03 21936.3
6.803348e-03 22188.3
6.940785e-03 22445.1
7.080998e-03 22681
7.224044e-03 22921.6
7.369979e-03 23167.1
7.518863e-03 23417.5
7.670754e-03 23648.3
7.825713e-03 23879.3
7.983803e-03 24114.8
8.145087e-03 24355.1
8.309629e-03 24578.6
8.477494e-03 24796.2
8.648751e-03 25018.1
8.823467e-03 25244.6
9.001713e-03 25457.7
9.183560e-03 25658
9.369080e-03 25862.3
9.558348e-03 26070.6
9.751439e-03 26270.1
9.948432e-03 26448.7
1.014940e-02 26630.9
1.035443e-02 26816.7
1.056361e-02 26998.9
1.077701e-02 27151
1.099472e-02 27306.2
1.121683e-02 27464.4
1.144342e-02 27625.3
1.167459e-02 27746
1.191044e-02 27869.1
1.215104e-02 27994.7
1.239651e-02 28122.7
1.264694e-02 28214.1
1.290242e-02 28300
1.316307e-02 28387.6
1.342898e-02 28477
1.370026e-02 28535.1
1.397702e-02 28578.7
1.425938e-02 28623.1
1.454744e-02 28668.4
1.484132e-02 28688.9
1.514113e-02 28685.3
1.544700e-02 28681.5
1.575905e-02 28677.7
1.607741e-02 28656.3
1.640219e-02 28601.3
1.673354e-02 28545.2
1.707158e-02 28487.9
1.741645e-02 28420.6
1.776828e-02 28311.2
1.812722e-02 28199.6
1.849342e-02 28085.8
1.886701e-02 27969.1
1.924815e-02 27804
1.963699e-02 27635.5
2.003368e-02 27463.7
2.043839e-02 27288.5
2.085127e-02 27074.6
2.127249e-02 26850.1
2.170223e-02 26621.1
2.214064e-02 26387.7
2.258791e-02 26126.9
2.304422e-02 25850.1
2.350974e-02 25568
2.398467e-02 25280.2
2.446919e-02 24975.4
2.496350e-02 24653.5
2.546780e-02 24325.4
2.598228e-02 23990.8
2.650716e-02 23646.8
2.704264e-02 23290.5
2.758894e-02 22927.5
2.814627e-02 22557.3
2.871486e-02 22181.5
2.929494e-02 21805.2
2.988674e-02 21421.6
3.049049e-02 21030.7
3.110644e-02 20632.5
3.173483e-02 20253
3.237592e-02 19866.2
3.302996e-02 19472
3.369721e-02 19070.4
3.437793e-02 18696
3.507241e-02 18320.8
3.578092e-02 17938.7
3.650375e-02 17549.3
3.724117e-02 17192.4
3.799349e-02 16847.8
3.876101e-02 16496.6
3.954404e-02 16138.9
4.034288e-02 15812.1
4.115786e-02 15515
4.198930e-02 15212.3
4.283754e-02 14903.9
4.370292e-02 14615.4
4.458578e-02 14369.9
4.548647e-02 14119.7
4.640536e-02 13865.1
4.734281e-02 13616.8
4.829920e-02 13415.5
4.927490e-02 13210.4
5.027032e-02 13001.5
5.128585e-02 12789.3
5.232189e-02 12620.7
5.337887e-02 12449
5.445719e-02 12274
5.555730e-02 12096
5.667963e-02 11939.3
5.782464e-02 11784.1
5.899277e-02 11626.1
6.018450e-02 11465.2
6.140031e-02 11294.4
6.264068e-02 11118.2
6.390611e-02 10938.9
6.519709e-02 10756.5
6.651416e-02 10549
6.785784e-02 10338
6.922866e-02 10123.8
7.062717e-02 9893.56
7.205393e-02 9647.35
7.350952e-02 9397.68
7.499451e-02 9141.13
7.650950e-02 8871.37
7.805509e-02 8597.51
7.963191e-02 8321.44
8.124058e-02 8047.78
8.288175e-02 7770
8.455607e-02 7495.74
8.626422e-02 7237.01
8.800687e-02 6975.37
8.978473e-02 6732.89
9.159850e-02 6504.98
9.344891e-02 6274.75
9.533671e-02 6086.32
9.726264e-02 5897.61
9.922747e-02 5728.17
1.012320e-01 5579.28
1.032770e-01 5433.11
1.053634e-01 5315.48
1.074918e-01 5196.51
1.096633e-01 5096.09
1.118787e-01 4997.82
1.141388e-01 4902.08
1.164445e-01 4809.3
1.187969e-01 4711.75
1.211967e-01 4611.97
1.236450e-01 4501.52
1.261428e-01 4386.91
1.286911e-01 4258.22
1.312908e-01 4127.78
1.339431e-01 3986.71
1.366489e-01 3844.39
1.394094e-01 3699.51
1.422257e-01 3557.54
1.450988e-01 3416.89
1.480300e-01 3283.62
1.510204e-01 3155.75
1.540712e-01 3039.54
1.571837e-01 2931.82
1.603590e-01 2832.46
1.635984e-01 2742.36
1.669034e-01 2658.19
1.702750e-01 2577.77
1.737148e-01 2499.7
1.772241e-01 2422.79
1.808042e-01 2344.02
1.844567e-01 2263.46
1.881830e-01 2180.62
1.919846e-01 2094.48
1.958629e-01 2007.02
1.998196e-01 1919.31
2.038562e-01 1832.91
2.079744e-01 1749.12
2.121757e-01 1668.77
2.164620e-01 1591.75
2.208348e-01 1518.71
2.252960e-01 1448.22
2.298472e-01 1381.64
2.344905e-01 1317.05
2.392275e-01 1252.99
2.440602e-01 1190.67
2.489905e-01 1127.78
2.540205e-01 1066.63
2.591520e-01 1006.43
2.643873e-01 947.27
2.697282e-01 889.881
2.751771e-01 834.502
2.807361e-01 781.482
2.864073e-01 730.411
2.921931e-01 681.743
2.980958e-01 634.791
3.041177e-01 589.736
3.102613e-01 546.526
3.165290e-01 504.71
3.229233e-01 465.165
3.294468e-01 427.138
3.361021e-01 391.144
3.428918e-01 357.049
3.498187e-01 325.012
3.568855e-01 294.88
3.640950e-01 266.585
3.714502e-01 240.217
3.789540e-01 215.625
3.866094e-01 192.786
3.944194e-01 171.682
4.023872e-01 152.007
4.105160e-01 134.223
4.188090e-01 118.038
4.272695e-01 103.34
4.359009e-01 90.0568
4.447067e-01 78.0921
4.536903e-01 67.3594
4.628555e-01 57.7927
4.722058e-01 49.2976
4.817450e-01 41.7983
4.914769e-01 35.1974
5.014054e-01 29.4536
5.115344e-01 24.4737
5.218681e-01 20.1927
5.324106e-01 16.5501
5.431660e-01 13.4697
5.541386e-01 10.897
5.653330e-01 8.7451
5.767535e-01 6.96543
5.884047e-01 5.50289
6.002912e-01 4.30847
6.124179e-01 3.34254
6.247896e-01 2.57056
6.374112e-01 1.95683
6.502877e-01 1.48078
6.634244e-01 1.10243
6.768265e-01 0.815669
6.904993e-01 0.597683
7.044483e-01 0.433242
7.186791e-01 0.310812
7.331974e-01 0.220286
7.480089e-01 0.154318
7.631197e-01 0.106628
7.785357e-01 0.0728196
7.942632e-01 0.0492354
8.103084e-01 0.0327612
8.266777e-01 0.0215132
8.433777e-01 0.0139536
8.604151e-01 0.00889793
8.777966e-01 0.00560683
8.955293e-01 0.00347992
9.136202e-01 0.00214883
9.320765e-01 0.00129141
9.509057e-01 0.000756856
9.701153e-01 0.000440003
9.897129e-01 0.000251122
1.009706e+00 0.000140944
1.030104e+00 7.75999e-05
1.050913e+00 4.19182e-05
1.072143e+00 2.22064e-05
1.093802e+00 1.15233e-05
1.115898e+00 5.85136e-06
1.138441e+00 2.90932e-06
1.161439e+00 1.41159e-06
1.184901e+00 6.68718e-07
1.208838e+00 3.08906e-07
1.233258e+00 1.39179e-07
1.258172e+00 6.09987e-08
1.283588e+00 2.60012e-08
1.309519e+00 1.07622e-08
1.335973e+00 4.31604e-09
1.362961e+00 1.68051e-09
1.390495e+00 6.31508e-10
1.418585e+00 2.29489e-10
1.447242e+00 8.04384e-11
1.476478e+00 2.71496e-11
1.506305e+00 8.8134e-12
1.536734e+00 2.74701e-12
1.567778e+00 8.20558e-13
1.599450e+00 2.34615e-13
1.631761e+00 6.40577e-14
1.664724e+00 1.66664e-14
1.698354e+00 4.12604e-15
1.732663e+00 9.6999e-16
1.767665e+00 2.16118e-16
1.803374e+00 4.55162e-17
1.839805e+00 9.04333e-18
1.876972e+00 1.69039e-18
1.914889e+00 2.96605e-19
1.953572e+00 4.87386e-20
1.993037e+00 7.47952e-21
2.033299e+00 1.06886e-21
2.074374e+00 1.41824e-22
2.116280e+00 1.74209e-23
2.159031e+00 1.9746e-24
2.202647e+00 2.05936e-25
2.247143e+00 1.96896e-26
2.292538e+00 1.71966e-27
2.338851e+00 1.36675e-28
2.386099e+00 9.84991e-30
2.434301e+00 6.41301e-31
