1.000000e-04 577.473
1.020201e-04 588.466
1.040811e-04 599.681
1.061837e-04 611.123
1.083287e-04 622.796
1.105171e-04 634.705
1.127497e-04 646.855
1.150274e-04 659.25
1.173511e-04 671.895
1.197217e-04 684.796
1.221403e-04 697.958
1.246077e-04 711.385
1.271249e-04 725.083
1.296930e-04 739.059
1.323130e-04 753.316
1.349859e-04 767.862
1.377128e-04 782.701
1.404948e-04 797.625
1.433329e-04 812.81
1.462285e-04 828.301
1.491825e-04 844.106
1.521962e-04 860.23
1.552707e-04 876.679
1.584074e-04 893.461
1.616074e-04 910.582
1.648721e-04 928.049
1.682028e-04 945.869
1.716007e-04 964.048
1.750673e-04 982.595
1.786038e-04 1001.52
1.822119e-04 1020.82
1.858928e-04 1040.51
1.896481e-04 1060.61
1.934792e-04 1081.04
1.973878e-04 1101.59
2.013753e-04 1122.56
2.054433e-04 1143.95
2.095936e-04 1165.77
2.138276e-04 1188.03
2.181472e-04 1210.74
2.225541e-04 1233.91
2.270500e-04 1257.55
2.316367e-04 1281.67
2.363161e-04 1306.27
2.410900e-04 1331.37
2.459603e-04 1356.98
2.509290e-04 1383.1
2.559981e-04 1409.75
2.611696e-04 1436.94
2.664456e-04 1464.68
2.718282e-04 1492.72
2.773195e-04 1521.07
2.829217e-04 1550
2.886371e-04 1579.5
2.944680e-04 1609.61
3.004166e-04 1640.32
3.064854e-04 1671.65
3.126768e-04 1703.62
3.189933e-04 1736.23
3.254374e-04 1769.5
3.320117e-04 1803.44
3.387188e-04 1838.06
3.455613e-04 1873.39
3.525421e-04 1909.43
3.596640e-04 1946.2
3.669297e-04 1983.71
3.743421e-04 2021.98
3.819044e-04 2060.37
3.896193e-04 2099.42
3.974902e-04 2139.26
4.055200e-04 2179.9
4.137120e-04 2221.36
4.220696e-04 2263.66
4.305960e-04 2306.81
4.392946e-04 2350.84
4.481689e-04 2395.75
4.572225e-04 2441.58
4.664590e-04 2488.32
4.758821e-04 2536.02
4.854956e-04 2584.67
4.953032e-04 2634.31
5.053090e-04 2684.95
5.155170e-04 2736.62
5.259311e-04 2789.11
5.365556e-04 2841.66
5.473947e-04 2895.28
5.584528e-04 2949.97
5.697343e-04 3005.78
5.812437e-04 3062.71
5.929856e-04 3120.79
6.049647e-04 3180.04
6.171858e-04 3240.49
6.296538e-04 3302.16
6.423737e-04 3365.08
6.553505e-04 3429.26
6.685894e-04 3494.75
6.820958e-04 3561.55
6.958751e-04 3629.71
7.099327e-04 3699.24
7.242743e-04 3770.18
7.389056e-04 3841.49
7.538325e-04 3913.22
7.690609e-04 3986.4
7.845970e-04 4061.06
8.004469e-04 4137.23
8.166170e-04 4214.93
8.331137e-04 4294.21
8.499438e-04 4375.08
8.671138e-04 4457.59
8.846306e-04 4541.77
9.025013e-04 4627.65
9.207331e-04 4715.26
9.393331e-04 4804.64
9.583089e-04 4895.82
9.776680e-04 4988.85
9.974182e-04 5083.75
1.017567e-03 5180.58
1.038124e-03 5276.07
1.059095e-03 5372.9
1.080490e-03 5471.68
1.102318e-03 5572.45
1.124586e-03 5675.27
1.147304e-03 5780.15
1.170481e-03 5887.16
1.194126e-03 5996.32
1.218249e-03 6107.69
1.242860e-03 6221.31
1.267967e-03 6337.22
1.293582e-03 6455.48
1.319714e-03 6576.12
1.346374e-03 6699.2
1.373572e-03 6824.76
1.401320e-03 6952.86
1.429629e-03 7082.17
1.458509e-03 7207.72
1.487973e-03 7335.81
1.518032e-03 7466.48
1.548699e-03 7599.79
1.579984e-03 7735.8
1.611902e-03 7874.55
1.644465e-03 8016.1
1.677685e-03 8160.5
1.711577e-03 8307.83
1.746153e-03 8458.12
1.781427e-03 8611.45
1.817415e-03 8767.88
1.854129e-03 8927.46
1.891585e-03 9090.27
1.929797e-03 9256.36
1.968782e-03 9425.8
2.008554e-03 9590.66
2.049129e-03 9751.16
2.090524e-03 9914.9
2.132756e-03 10081.9
2.175840e-03 10252.4
2.219795e-03 10426.2
2.264638e-03 10603.6
2.310387e-03 10784.5
2.357060e-03 10969.1
2.404675e-03 11157.4
2.453253e-03 11349.5
2.502812e-03 11545.5
2.553372e-03 11745.5
2.604954e-03 11949.4
2.657577e-03 12157.5
2.711264e-03 12369.8
2.766035e-03 12586.4
2.821913e-03 12781.8
2.878919e-03 12976.6
2.937077e-03 13175.2
2.996410e-03 13377.9
3.056942e-03 13584.7
3.118696e-03 13795.6
3.181698e-03 14010.8
3.245972e-03 14230.3
3.311545e-03 14454.2
3.378443e-03 14682.6
3.446692e-03 14915.7
3.516320e-03 15153.4
3.587354e-03 15395.9
3.659823e-03 15643.3
3.733757e-03 15895.7
3.809184e-03 16153.2
3.886134e-03 16410.5
3.964639e-03 16648.5
4.044730e-03 16891.2
4.126439e-03 17138.8
4.209799e-03 17391.3
4.294843e-03 17634.3
4.381604e-03 17882.1
4.470118e-03 18135
4.560421e-03 18393
4.652547e-03 18642.2
4.746535e-03 18893.9
4.842422e-03 19150.6
4.940245e-03 19412.5
5.040044e-03 19667.2
5.141860e-03 19921.1
5.245733e-03 20180.1
5.351703e-03 20444.3
5.459815e-03 20703.3
5.570111e-03 20957.5
5.682634e-03 21216.8
5.797431e-03 21481.3
5.914547e-03 21743.3
6.034029e-03 21995.5
6.155924e-03 22252.7
6.280282e-03 22515.1
6.407152e-03 22778.3
6.536585e-03 23025.9
6.668633e-03 23278.4
6.803348e-03 23536
6.940785e-03 23798.3
7.080998e-03 24038.3
7.224044e-03 24283
7.369979e-03 24532.6
7.518863e-03 24787.1
7.670754e-03 25020.7
7.825713e-03 25254.1
7.983803e-03 25492.2
8.145087e-03 25735
8.309629e-03 25959.8
8.477494e-03 26178.1
8.648751e-03 26400.8
8.823467e-03 26627.8
9.001713e-03 26840.7
9.183560e-03 27039.7
9.369080e-03 27242.7
9.558348e-03 27449.7
9.751439e-03 27647.1
9.948432e-03 27822.3
1.014940e-02 28001
1.035443e-02 28183.2
1.056361e-02 28361.3
1.077701e-02 28507.8
1.099472e-02 28657.1
1.121683e-02 28809.3
1.144342e-02 28963.9
1.167459e-02 29076.6
1.191044e-02 29191.3
1.215104e-02 29308.3
1.239651e-02 29427.5
1.264694e-02 29508.4
1.290242e-02 29583.4
1.316307e-02 29659.7
1.342898e-02 29737.4
1.370026e-02 29782.7
1.397702e-02 29812.7
1.425938e-02 29843.1
1.454744e-02 29874
1.484132e-02 29879.1
1.514113e-02 29859.1
1.544700e-02 29838.6
1.575905e-02 29817.6
1.607741e-02 29778.3
1.640219e-02 29704.4
1.673354e-02 29628.8
1.707158e-02 29551.7
1.741645e-02 29464
1.776828e-02 29333.2
1.812722e-02 29199.8
1.849342e-02 29063.6
1.886701e-02 28924.1
1.924815e-02 28735.4
1.963699e-02 28543
2.003368e-02 28346.7
2.043839e-02 28146.4
2.085127e-02 27907.3
2.127249e-02 27657.1
2.170223e-02 27401.9
2.214064e-02 27141.7
2.258791e-02 26854.3
2.304422e-02 26550.7
2.350974e-02 26241.2
2.398467e-02 25925.6
2.446919e-02 25593.2
2.496350e-02 25243.9
2.546780e-02 24887.9
2.598228e-02 24525.1
2.650716e-02 24153.1
2.704264e-02 23769.7
2.758894e-02 23379
2.814627e-02 22980.9
2.871486e-02 22577.2
2.929494e-02 22174.5
2.988674e-02 21764.2
3.049049e-02 21346.4
3.110644e-02 20921.2
3.173483e-02 20516.7
3.237592e-02 20104.8
3.302996e-02 19685.3
3.369721e-02 19258.2
3.437793e-02 18860.3
3.507241e-02 18461.9
3.578092e-02 18056.4
3.650375e-02 17643.6
3.724117e-02 17264.8
3.799349e-02 16899
3.876101e-02 16526.6
3.954404e-02 16147.6
4.034288e-02 15800.5
4.115786e-02 15484
4.198930e-02 15162
4.283754e-02 14834.3
4.370292e-02 14526.9
4.458578e-02 14263.3
4.548647e-02 13995.1
4.640536e-02 13722.4
4.734281e-02 13456.4
4.829920e-02 13237.8
4.927490e-02 13015.4
5.027032e-02 12789.2
5.128585e-02 12559.9
5.232189e-02 12374.4
5.337887e-02 12185.9
5.445719e-02 11994
5.555730e-02 11799.1
5.667963e-02 11625.8
5.782464e-02 11454
5.899277e-02 11279.5
6.018450e-02 11102
6.140031e-02 10915.5
6.264068e-02 10724
6.390611e-02 10529.5
6.519709e-02 10332.2
6.651416e-02 10111.4
6.785784e-02 9887.66
6.922866e-02 9660.77
7.062717e-02 9419.33
7.205393e-02 9163.34
7.350952e-02 8904.55
7.499451e-02 8639.89
7.650950e-02 8363.8
7.805509e-02 8084.52
7.963191e-02 7803.97
8.124058e-02 7527.1
8.288175e-02 7247.06
8.455607e-02 6971.6
8.626422e-02 6712.5
8.800687e-02 6450.36
8.978473e-02 6208.16
9.159850e-02 5981.02
9.344891e-02 5752.13
9.533671e-02 5563.14
9.726264e-02 5373.95
9.922747e-02 5203.85
1.012320e-01 5054.45
1.032770e-01 4907.24
1.053634e-01 4785.88
1.074918e-01 4664.48
1.096633e-01 4561.62
1.118787e-01 4459.11
1.141388e-01 4360.96
1.164445e-01 4263.8
1.187969e-01 4165.07
1.211967e-01 4062.27
1.236450e-01 3952.53
1.261428e-01 3838
1.286911e-01 3712.12
1.312908e-01 3585.93
1.339431e-01 3451.05
1.366489e-01 3315.73
1.394094e-01 3178.91
1.422257e-01 3045.9
1.450988e-01 2913.79
1.480300e-01 2791.58
1.510204e-01 2672.94
1.540712e-01 2564.79
1.571837e-01 2465.49
1.603590e-01 2372.81
1.635984e-01 2288.5
1.669034e-01 2210.69
1.702750e-01 2135.53
1.737148e-01 2063.34
1.772241e-01 1991.97
1.808042e-01 1919.76
1.844567e-01 1846.37
1.881830e-01 1771.65
1.919846e-01 1694.86
1.958629e-01 1617.47
1.998196e-01 1540.47
2.038562e-01 1465.13
2.079744e-01 1392.35
2.121757e-01 1322.87
2.164620e-01 1255.97
2.208348e-01 1193.52
2.252960e-01 1133.13
2.298472e-01 1076.16
2.344905e-01 1020.57
2.392275e-01 966.636
2.440602e-01 913.803
2.489905e-01 861.6
2.540205e-01 810.838
2.591520e-01 760.864
2.643873e-01 712.479
2.697282e-01 665.976
2.751771e-01 620.822
2.807361e-01 578.376
2.864073e-01 537.208
2.921931e-01 498.445
2.980958e-01 461.283
3.041177e-01 425.844
3.102613e-01 392.226
3.165290e-01 359.767
3.229233e-01 329.267
3.294468e-01 300.258
3.361021e-01 272.977
3.428918e-01 247.393
3.498187e-01 223.441
3.568855e-01 201.179
3.640950e-01 180.421
3.714502e-01 161.229
3.789540e-01 143.297
3.866094e-01 127.186
3.944194e-01 112.072
4.023872e-01 98.4492
4.105160e-01 86.1266
4.188090e-01 74.982
4.272695e-01 65.0042
4.359009e-01 56.0926
4.447067e-01 48.1489
4.536903e-01 41.0833
4.628555e-01 34.9479
4.722058e-01 29.4118
4.817450e-01 24.655
4.914769e-01 20.5202
5.014054e-01 16.9675
5.115344e-01 13.9277
5.218681e-01 11.3663
5.324106e-01 9.20026
5.431660e-01 7.38812
5.541386e-01 5.89891
5.653330e-01 4.67338
5.767535e-01 3.67305
5.884047e-01 2.86356
6.002912e-01 2.21198
6.124179e-01 1.69352
6.247896e-01 1.28444
6.374112e-01 0.964653
6.502877e-01 0.720344
6.634244e-01 0.528788
6.768265e-01 0.386081
6.904993e-01 0.279012
7.044483e-01 0.199596
7.186791e-01 0.141276
7.331974e-01 0.0985963
7.480089e-01 0.0683272
7.631197e-01 0.0466851
7.785357e-01 0.031434
7.942632e-01 0.0209909
8.103084e-01 0.0137987
8.266777e-01 0.00895714
8.433777e-01 0.0057449
8.604151e-01 0.00365849
8.777966e-01 0.00225941
8.955293e-01 0.00138001
9.136202e-01 0.00083996
9.320765e-01 0.000500252
9.509057e-01 0.000293204
9.701153e-01 0.000168985
9.897129e-01 9.57632e-05
1.009706e+00 5.33091e-05
1.030104e+00 2.91262e-05
1.050913e+00 1.56228e-05
1.072143e+00 8.22319e-06
1.093802e+00 4.24076e-06
1.115898e+00 2.1397e-06
1.138441e+00 1.05766e-06
1.161439e+00 5.10368e-07
1.184901e+00 2.40479e-07
1.208838e+00 1.10642e-07
1.233258e+00 4.96077e-08
1.258172e+00 2.16746e-08
1.283588e+00 9.208e-09
1.309519e+00 3.79868e-09
1.335973e+00 1.52085e-09
1.362961e+00 5.89922e-10
1.390495e+00 2.21535e-10
1.418585e+00 8.04339e-11
1.447242e+00 2.81858e-11
1.476478e+00 9.52022e-12
1.506305e+00 3.09268e-12
1.536734e+00 9.65616e-13
1.567778e+00 2.89202e-13
1.599450e+00 8.29327e-14
1.631761e+00 2.27328e-14
1.664724e+00 5.9433e-15
1.698354e+00 1.47933e-15
1.732663e+00 3.50097e-16
1.767665e+00 7.85648e-17
1.803374e+00 1.66801e-17
1.839805e+00 3.34359e-18
1.876972e+00 6.31165e-19
1.914889e+00 1.11917e-19
1.953572e+00 1.86039e-20
1.993037e+00 2.89092e-21
2.033299e+00 4.1873e-22
2.074374e+00 5.63625e-23
2.116280e+00 7.02977e-24
2.159031e+00 8.09898e-25
2.202647e+00 8.59408e-26
2.247143e+00 8.36937e-27
2.292538e+00 7.45367e-28
2.338851e+00 6.04744e-29
2.386099e+00 4.45431e-30
2.434301e+00 2.96776e-31
