1.000000e-04 524.319
1.020201e-04 534.412
1.040811e-04 544.71
1.061837e-04 555.215
1.083287e-04 565.933
1.105171e-04 576.867
1.127497e-04 588.022
1.150274e-04 599.402
1.173511e-04 611.012
1.197217e-04 622.857
1.221403e-04 634.941
1.246077e-04 647.269
1.271249e-04 659.846
1.296930e-04 672.677
1.323130e-04 685.768
1.349859e-04 699.123
1.377128e-04 712.748
1.404948e-04 726.582
1.433329e-04 740.568
1.462285e-04 754.837
1.491825e-04 769.395
1.521962e-04 784.246
1.552707e-04 799.398
1.584074e-04 814.855
1.616074e-04 830.625
1.648721e-04 846.714
1.682028e-04 863.127
1.716007e-04 879.872
1.750673e-04 896.955
1.786038e-04 914.384
1.822119e-04 932.164
1.858928e-04 950.304
1.896481e-04 968.81
1.934792e-04 987.69
1.973878e-04 1006.77
2.013753e-04 1026.14
2.054433e-04 1045.9
2.095936e-04 1066.07
2.138276e-04 1086.64
2.181472e-04 1107.63
2.225541e-04 1129.04
2.270500e-04 1150.88
2.316367e-04 1173.16
2.363161e-04 1195.9
2.410900e-04 1219.09
2.459603e-04 1242.75
2.509290e-04 1266.89
2.559981e-04 1291.52
2.611696e-04 1316.65
2.664456e-04 1342.28
2.718282e-04 1368.43
2.773195e-04 1394.71
2.829217e-04 1421.52
2.886371e-04 1448.88
2.944680e-04 1476.78
3.004166e-04 1505.25
3.064854e-04 1534.3
3.126768e-04 1563.93
3.189933e-04 1594.16
3.254374e-04 1625
3.320117e-04 1656.47
3.387188e-04 1688.57
3.455613e-04 1721.31
3.525421e-04 1754.72
3.596640e-04 1788.81
3.669297e-04 1823.58
3.743421e-04 1859.06
3.819044e-04 1895.04
3.896193e-04 1931.36
3.974902e-04 1968.41
4.055200e-04 2006.2
4.137120e-04 2044.76
4.220696e-04 2084.1
4.305960e-04 2124.24
4.392946e-04 2165.18
4.481689e-04 2206.95
4.572225e-04 2249.57
4.664590e-04 2293.05
4.758821e-04 2337.4
4.854956e-04 2382.65
4.953032e-04 2428.82
5.053090e-04 2475.91
5.155170e-04 2523.96
5.259311e-04 2572.98
5.365556e-04 2622.33
5.473947e-04 2672.35
5.584528e-04 2723.39
5.697343e-04 2775.45
5.812437e-04 2828.57
5.929856e-04 2882.76
6.049647e-04 2938.04
6.171858e-04 2994.44
6.296538e-04 3051.99
6.423737e-04 3110.69
6.553505e-04 3170.58
6.685894e-04 3231.67
6.820958e-04 3294.01
6.958751e-04 3357.6
7.099327e-04 3422.48
7.242743e-04 3488.66
7.389056e-04 3556.17
7.538325e-04 3623.31
7.690609e-04 3691.82
7.845970e-04 3761.71
8.004469e-04 3833.01
8.166170e-04 3905.74
8.331137e-04 3979.95
8.499438e-04 4055.66
8.671138e-04 4132.9
8.846306e-04 4211.69
9.025013e-04 4292.08
9.207331e-04 4374.09
9.393331e-04 4457.76
9.583089e-04 4543.12
9.776680e-04 4630.2
9.974182e-04 4719.04
1.017567e-03 4809.67
1.038124e-03 4900.99
1.059095e-03 4991.93
1.080490e-03 5084.71
1.102318e-03 5179.36
1.124586e-03 5275.93
1.147304e-03 5374.44
1.170481e-03 5474.95
1.194126e-03 5577.48
1.218249e-03 5682.08
1.242860e-03 5788.8
1.267967e-03 5897.67
1.293582e-03 6008.74
1.319714e-03 6122.05
1.346374e-03 6237.66
1.373572e-03 6355.59
1.401320e-03 6475.91
1.429629e-03 6598.65
1.458509e-03 6719.2
1.487973e-03 6839.93
1.518032e-03 6963.1
1.548699e-03 7088.75
1.579984e-03 7216.94
1.611902e-03 7347.72
1.644465e-03 7481.14
1.677685e-03 7617.25
1.711577e-03 7756.11
1.746153e-03 7897.77
1.781427e-03 8042.29
1.817415e-03 8189.73
1.854129e-03 8340.15
1.891585e-03 8493.6
1.929797e-03 8650.15
1.968782e-03 8809.86
2.008554e-03 8972.64
2.049129e-03 9124.49
2.090524e-03 9279.4
2.132756e-03 9437.44
2.175840e-03 9598.67
2.219795e-03 9763.15
2.264638e-03 9930.95
2.310387e-03 10102.1
2.357060e-03 10276.8
2.404675e-03 10454.9
2.453253e-03 10636.7
2.502812e-03 10822.1
2.553372e-03 11011.3
2.604954e-03 11204.3
2.657577e-03 11401.1
2.711264e-03 11602
2.766035e-03 11806.9
2.821913e-03 12006.3
2.878919e-03 12191.3
2.937077e-03 12380.1
2.996410e-03 12572.6
3.056942e-03 12769
3.118696e-03 12969.4
3.181698e-03 13173.9
3.245972e-03 13382.4
3.311545e-03 13595.2
3.378443e-03 13812.2
3.446692e-03 14033.6
3.516320e-03 14259.5
3.587354e-03 14489.9
3.659823e-03 14724.9
3.733757e-03 14964.7
3.809184e-03 15209.3
3.886134e-03 15458.9
3.964639e-03 15694.5
4.044730e-03 15925.8
4.126439e-03 16161.7
4.209799e-03 16402.4
4.294843e-03 16640.9
4.381604e-03 16877.4
4.470118e-03 17118.6
4.560421e-03 17364.7
4.652547e-03 17610.4
4.746535e-03 17850.9
4.842422e-03 18096.1
4.940245e-03 18346.3
5.040044e-03 18598.5
5.141860e-03 18841.4
5.245733e-03 19089.2
5.351703e-03 19341.9
5.459815e-03 19599.5
5.570111e-03 19843
5.682634e-03 20091.4
5.797431e-03 20344.8
5.914547e-03 20603.3
6.034029e-03 20848.7
6.155924e-03 21095.6
6.280282e-03 21347.4
6.407152e-03 21604.3
6.536585e-03 21850
6.668633e-03 22092.8
6.803348e-03 22340.5
6.940785e-03 22593.1
7.080998e-03 22837.1
7.224044e-03 23072.9
7.369979e-03 23313.4
7.518863e-03 23558.6
7.670754e-03 23798.7
7.825713e-03 24024.2
7.983803e-03 24254.1
8.145087e-03 24488.6
8.309629e-03 24722.1
8.477494e-03 24933.6
8.648751e-03 25149.3
8.823467e-03 25369.3
9.001713e-03 25593.2
9.183560e-03 25786.8
9.369080e-03 25984.2
9.558348e-03 26185.4
9.751439e-03 26390.6
9.948432e-03 26567.8
1.014940e-02 26742.3
1.035443e-02 26920.4
1.056361e-02 27101.8
1.077701e-02 27259.1
1.099472e-02 27406
1.121683e-02 27555.8
1.144342e-02 27708.5
1.167459e-02 27841.9
1.191044e-02 27956.3
1.215104e-02 28072.8
1.239651e-02 28191.6
1.264694e-02 28296.8
1.290242e-02 28373.5
1.316307e-02 28451.5
1.342898e-02 28531
1.370026e-02 28603.4
1.397702e-02 28637.3
1.425938e-02 28671.6
1.454744e-02 28706.6
1.484132e-02 28741.6
1.514113e-02 28727.9
1.544700e-02 28713.8
1.575905e-02 28699.3
1.607741e-02 28684.3
1.640219e-02 28626.9
1.673354e-02 28560.2
1.707158e-02 28492.1
1.741645e-02 28422.6
1.776828e-02 28318.6
1.812722e-02 28196.5
1.849342e-02 28072
1.886701e-02 27944.9
1.924815e-02 27791.9
1.963699e-02 27613.2
2.003368e-02 27430.9
2.043839e-02 27245
2.085127e-02 27041.5
2.127249e-02 26807.2
2.170223e-02 26568.3
2.214064e-02 26324.8
2.258791e-02 26070.7
2.304422e-02 25784.9
2.350974e-02 25493.5
2.398467e-02 25196.5
2.446919e-02 24893.5
2.496350e-02 24563.5
2.546780e-02 24227.1
2.598228e-02 23884.3
2.650716e-02 23534.9
2.704264e-02 23172.6
2.758894e-02 22802.2
2.814627e-02 22424.9
2.871486e-02 22040.5
2.929494e-02 21655
2.988674e-02 21265.3
3.049049e-02 20868.4
3.110644e-02 20464.1
3.173483e-02 20066.1
3.237592e-02 19674.1
3.302996e-02 19274.9
3.369721e-02 18868.4
3.437793e-02 18468.7
3.507241e-02 18089
3.578092e-02 17702.5
3.650375e-02 17309
3.724117e-02 16918.8
3.799349e-02 16569.7
3.876101e-02 16214.4
3.954404e-02 15852.9
4.034288e-02 15485.8
4.115786e-02 15183.7
4.198930e-02 14876.2
4.283754e-02 14563.4
4.370292e-02 14245.2
4.458578e-02 13982.4
4.548647e-02 13726.3
4.640536e-02 13465.8
4.734281e-02 13201
4.829920e-02 12972.8
4.927490e-02 12760.5
5.027032e-02 12544.5
5.128585e-02 12324.9
5.232189e-02 12125.4
5.337887e-02 11945.3
5.445719e-02 11762.2
5.555730e-02 11575.9
5.667963e-02 11396.4
5.782464e-02 11232.3
5.899277e-02 11065.6
6.018450e-02 10896
6.140031e-02 10721.5
6.264068e-02 10537.9
6.390611e-02 10351.6
6.519709e-02 10162.3
6.651416e-02 9960.13
6.785784e-02 9745.08
6.922866e-02 9526.84
7.062717e-02 9305.33
7.205393e-02 9058.84
7.350952e-02 8809.16
7.499451e-02 8556.42
7.650950e-02 8292.67
7.805509e-02 8022.85
7.963191e-02 7750.16
8.124058e-02 7479.87
8.288175e-02 7208.96
8.455607e-02 6934.99
8.626422e-02 6678.79
8.800687e-02 6425.62
8.978473e-02 6170.79
9.159850e-02 5951.51
9.344891e-02 5729.45
9.533671e-02 5524.81
9.726264e-02 5341.73
9.922747e-02 5157.6
1.012320e-01 5011.18
1.032770e-01 4865.23
1.053634e-01 4736.28
1.074918e-01 4618.79
1.096633e-01 4507.95
1.118787e-01 4408.8
1.141388e-01 4311.13
1.164445e-01 4217.02
1.187969e-01 4122.29
1.211967e-01 4023.27
1.236450e-01 3921.55
1.261428e-01 3811.16
1.286911e-01 3694.58
1.312908e-01 3571.67
1.339431e-01 3442.72
1.366489e-01 3311.64
1.394094e-01 3178.56
1.422257e-01 3046.9
1.450988e-01 2918.3
1.480300e-01 2793.73
1.510204e-01 2674.78
1.540712e-01 2565.59
1.571837e-01 2462.03
1.603590e-01 2369.29
1.635984e-01 2284.15
1.669034e-01 2204.07
1.702750e-01 2129.57
1.737148e-01 2058.4
1.772241e-01 1988
1.808042e-01 1918.17
1.844567e-01 1846.99
1.881830e-01 1774.15
1.919846e-01 1700.1
1.958629e-01 1624.82
1.998196e-01 1549.34
2.038562e-01 1474.45
2.079744e-01 1401.91
2.121757e-01 1332.52
2.164620e-01 1265.07
2.208348e-01 1202.47
2.252960e-01 1141.82
2.298472e-01 1084.69
2.344905e-01 1029.5
2.392275e-01 976.02
2.440602e-01 923.628
2.489905e-01 872.156
2.540205e-01 821.673
2.591520e-01 772.129
2.643873e-01 723.767
2.697282e-01 677.178
2.751771e-01 631.984
2.807361e-01 589.486
2.864073e-01 547.993
2.921931e-01 508.924
2.980958e-01 471.7
3.041177e-01 436.004
3.102613e-01 402.042
3.165290e-01 369.492
3.229233e-01 338.682
3.294468e-01 309.379
3.361021e-01 281.703
3.428918e-01 255.747
3.498187e-01 231.358
3.568855e-01 208.653
3.640950e-01 187.275
3.714502e-01 167.824
3.789540e-01 149.501
3.866094e-01 132.734
3.944194e-01 117.401
4.023872e-01 103.366
4.105160e-01 90.603
4.188090e-01 79.0786
4.272695e-01 68.6917
4.359009e-01 59.5196
4.447067e-01 51.1112
4.536903e-01 43.8211
4.628555e-01 37.2238
4.722058e-01 31.4856
4.817450e-01 26.4781
4.914769e-01 22.1066
5.014054e-01 18.3383
5.115344e-01 15.1041
5.218681e-01 12.3568
5.324106e-01 10.032
5.431660e-01 8.0892
5.541386e-01 6.4818
5.653330e-01 5.1535
5.767535e-01 4.06622
5.884047e-01 3.18183
6.002912e-01 2.46878
6.124179e-01 1.89787
6.247896e-01 1.44584
6.374112e-01 1.09081
6.502877e-01 0.815021
6.634244e-01 0.603353
6.768265e-01 0.442307
6.904993e-01 0.321493
7.044483e-01 0.230838
7.186791e-01 0.163864
7.331974e-01 0.115191
7.480089e-01 0.0800053
7.631197e-01 0.0549957
7.785357e-01 0.0374115
7.942632e-01 0.0250805
8.103084e-01 0.0165531
8.266777e-01 0.010831
8.433777e-01 0.00698228
8.604151e-01 0.00443746
8.777966e-01 0.0027816
8.955293e-01 0.00172334
9.136202e-01 0.00104332
9.320765e-01 0.000628862
9.509057e-01 0.000371242
9.701153e-01 0.000215575
9.897129e-01 0.000123072
1.009706e+00 6.90319e-05
1.030104e+00 3.80307e-05
1.050913e+00 2.05865e-05
1.072143e+00 1.09156e-05
1.093802e+00 5.67966e-06
1.115898e+00 2.89068e-06
1.138441e+00 1.44271e-06
1.161439e+00 7.03276e-07
1.184901e+00 3.34762e-07
1.208838e+00 1.55649e-07
1.233258e+00 7.05669e-08
1.258172e+00 3.11432e-08
1.283588e+00 1.339e-08
1.309519e+00 5.59288e-09
1.335973e+00 2.26819e-09
1.362961e+00 8.91196e-10
1.390495e+00 3.39362e-10
1.418585e+00 1.24963e-10
1.447242e+00 4.44457e-11
1.476478e+00 1.52489e-11
1.506305e+00 5.03323e-12
1.536734e+00 1.5977e-12
1.567778e+00 4.86806e-13
1.599450e+00 1.42172e-13
1.631761e+00 3.9707e-14
1.664724e+00 1.05879e-14
1.698354e+00 2.6899e-15
1.732663e+00 6.49939e-16
1.767665e+00 1.49084e-16
1.803374e+00 3.23803e-17
1.839805e+00 6.64731e-18
1.876972e+00 1.28605e-18
1.914889e+00 2.33985e-19
1.953572e+00 3.99506e-20
1.993037e+00 6.38204e-21
2.033299e+00 9.51438e-22
2.074374e+00 1.31971e-22
2.116280e+00 1.69823e-23
2.159031e+00 2.02142e-24
2.202647e+00 2.2182e-25
2.247143e+00 2.23743e-26
2.292538e+00 2.06685e-27
2.338851e+00 1.74208e-28
2.386099e+00 1.33481e-29
2.434301e+00 9.26473e-31
