1.000000e-03 1.500000e+00 4.673259e+01 2.054241e-03 2.054241e-03
2.000000e-03 4.500000e+00 3.271281e+02 2.029786e-03 2.029786e-03
3.000000e-03 7.500000e+00 8.879189e+02 1.910084e-03 1.910084e-03
4.000000e-03 1.050000e+01 1.729106e+03 1.869174e-03 1.869174e-03
5.000000e-03 1.350000e+01 2.850687e+03 2.076693e-03 2.076693e-03
6.000000e-03 1.650000e+01 4.252665e+03 2.007212e-03 2.007212e-03
7.000000e-03 1.950000e+01 5.935039e+03 2.034022e-03 2.034022e-03
8.000000e-03 2.250000e+01 7.897808e+03 1.965102e-03 1.965102e-03
9.000000e-03 2.550000e+01 1.014096e+04 1.950900e-03 1.950900e-03
1.000000e-02 2.850000e+01 1.266453e+04 1.881791e-03 1.881791e-03
1.100000e-02 3.150000e+01 1.546848e+04 1.890813e-03 1.890813e-03
1.200000e-02 3.450000e+01 1.855284e+04 1.933505e-03 1.933505e-03
1.300000e-02 3.750000e+01 2.191759e+04 1.957515e-03 1.957515e-03
1.400000e-02 4.050000e+01 2.556272e+04 1.964423e-03 1.964423e-03
1.500000e-02 4.350000e+01 2.948823e+04 1.889567e-03 1.889567e-03
1.600000e-02 4.650000e+01 3.369423e+04 1.877116e-03 1.877116e-03
1.700000e-02 4.950000e+01 3.818052e+04 1.921189e-03 1.921189e-03
1.800000e-02 5.250000e+01 4.294717e+04 1.911185e-03 1.911185e-03
1.900000e-02 5.550000e+01 4.799436e+04 1.951896e-03 1.951896e-03
2.000000e-02 5.850000e+01 5.332190e+04 1.905708e-03 1.905708e-03
2.100000e-02 6.150000e+01 5.892977e+04 1.921338e-03 1.921338e-03
2.200000e-02 6.450000e+01 6.481806e+04 1.860593e-03 1.860593e-03
2.300000e-02 6.750000e+01 7.098682e+04 1.865248e-03 1.865248e-03
2.400000e-02 7.050000e+01 7.743589e+04 1.879025e-03 1.879025e-03
2.500000e-02 7.350000e+01 8.416539e+04 1.855870e-03 1.855870e-03
2.600000e-02 7.650000e+01 9.117529e+04 1.812860e-03 1.812860e-03
2.700000e-02 7.950000e+01 9.846549e+04 1.821146e-03 1.821146e-03
2.800000e-02 8.250000e+01 1.060363e+05 1.822017e-03 1.822017e-03
2.900000e-02 8.550000e+01 1.138870e+05 1.769262e-03 1.769262e-03
3.000000e-02 8.850000e+01 1.220188e+05 1.744256e-03 1.744256e-03
3.100000e-02 9.150000e+01 1.304307e+05 1.710395e-03 1.710395e-03
3.200000e-02 9.450000e+01 1.391232e+05 1.664021e-03 1.664021e-03
3.300000e-02 9.750000e+01 1.480953e+05 1.618147e-03 1.618147e-03
3.400000e-02 1.005000e+02 1.573488e+05 1.600826e-03 1.600826e-03
3.500000e-02 1.035000e+02 1.668817e+05 1.567626e-03 1.567626e-03
3.600000e-02 1.065000e+02 1.766956e+05 1.510484e-03 1.510484e-03
3.700000e-02 1.095000e+02 1.867905e+05 1.471595e-03 1.471595e-03
3.800000e-02 1.125000e+02 1.971644e+05 1.424273e-03 1.424273e-03
3.900000e-02 1.155000e+02 2.078203e+05 1.379384e-03 1.379384e-03
4.000000e-02 1.185000e+02 2.187549e+05 1.318078e-03 1.318078e-03
4.100000e-02 1.215000e+02 2.299713e+05 1.259775e-03 1.259775e-03
4.200000e-02 1.245000e+02 2.414669e+05 1.233196e-03 1.233196e-03
4.300000e-02 1.275000e+02 2.532443e+05 1.172054e-03 1.172054e-03
4.400000e-02 1.305000e+02 2.653002e+05 1.127628e-03 1.127628e-03
4.500000e-02 1.335000e+02 2.776386e+05 1.080196e-03 1.080196e-03
4.600000e-02 1.365000e+02 2.902559e+05 1.039386e-03 1.039386e-03
4.700000e-02 1.395000e+02 3.031537e+05 9.865358e-04 9.865358e-04
4.800000e-02 1.425000e+02 3.163334e+05 9.389840e-04 9.389840e-04
4.900000e-02 1.455000e+02 3.297912e+05 8.959851e-04 8.959851e-04
5.000000e-02 1.485000e+02 3.435319e+05 8.505992e-04 8.505992e-04
5.100000e-02 1.515000e+02 3.575505e+05 8.168246e-04 8.168246e-04
5.200000e-02 1.545000e+02 3.718519e+05 7.798374e-04 7.798374e-04
5.300000e-02 1.575000e+02 3.864308e+05 7.373326e-04 7.373326e-04
5.400000e-02 1.605000e+02 4.012932e+05 5.120844e-04 5.120844e-04
