1.000000e-03 1.500000e+00 4.673258e+01 4.405260e-02 3.252548e-03
2.000000e-03 4.500000e+00 3.271280e+02 4.250744e-02 2.274338e-03
3.000000e-03 7.500000e+00 8.879190e+02 4.091444e-02 2.360576e-03
4.000000e-03 1.050000e+01 1.729105e+03 3.928729e-02 2.331841e-03
5.000000e-03 1.350000e+01 2.850687e+03 3.763963e-02 2.264718e-03
6.000000e-03 1.650000e+01 4.252664e+03 3.598515e-02 2.327012e-03
7.000000e-03 1.950000e+01 5.935037e+03 3.433750e-02 2.174207e-03
8.000000e-03 2.250000e+01 7.897805e+03 3.271034e-02 2.319631e-03
9.000000e-03 2.550000e+01 1.014097e+04 3.111735e-02 2.223064e-03
1.000000e-02 2.850000e+01 1.266453e+04 2.957218e-02 2.192580e-03
1.100000e-02 3.150000e+01 1.546848e+04 2.808851e-02 2.251805e-03
1.200000e-02 3.450000e+01 1.855283e+04 2.667999e-02 2.248713e-03
1.300000e-02 3.750000e+01 2.191758e+04 2.536029e-02 2.237838e-03
1.400000e-02 4.050000e+01 2.556272e+04 2.414308e-02 2.200704e-03
1.500000e-02 4.350000e+01 2.948826e+04 2.304203e-02 2.214578e-03
1.600000e-02 4.650000e+01 3.369419e+04 2.207020e-02 2.251780e-03
1.700000e-02 4.950000e+01 3.818052e+04 2.122713e-02 2.229410e-03
1.800000e-02 5.250000e+01 4.294724e+04 2.049882e-02 2.220961e-03
1.900000e-02 5.550000e+01 4.799436e+04 1.987068e-02 2.258766e-03
2.000000e-02 5.850000e+01 5.332187e+04 1.932812e-02 2.207273e-03
2.100000e-02 6.150000e+01 5.892978e+04 1.885653e-02 2.240905e-03
2.200000e-02 6.450000e+01 6.481808e+04 1.844133e-02 2.216913e-03
2.300000e-02 6.750000e+01 7.098678e+04 1.806793e-02 2.197366e-03
2.400000e-02 7.050000e+01 7.743588e+04 1.772172e-02 2.220056e-03
2.500000e-02 7.350000e+01 8.416537e+04 1.738813e-02 2.197483e-03
2.600000e-02 7.650000e+01 9.117526e+04 1.705290e-02 2.200684e-03
2.700000e-02 7.950000e+01 9.846554e+04 1.670987e-02 2.208043e-03
2.800000e-02 8.250000e+01 1.060362e+05 1.636093e-02 2.203849e-03
2.900000e-02 8.550000e+01 1.138873e+05 1.600835e-02 2.165865e-03
3.000000e-02 8.850000e+01 1.220188e+05 1.565438e-02 2.171927e-03
3.100000e-02 9.150000e+01 1.304306e+05 1.530126e-02 2.156487e-03
3.200000e-02 9.450000e+01 1.391229e+05 1.495126e-02 2.169645e-03
3.300000e-02 9.750000e+01 1.480955e+05 1.460662e-02 2.162013e-03
3.400000e-02 1.005000e+02 1.573486e+05 1.426961e-02 2.150382e-03
3.500000e-02 1.035000e+02 1.668820e+05 1.394247e-02 2.122270e-03
3.600000e-02 1.065000e+02 1.766959e+05 1.362738e-02 2.115321e-03
3.700000e-02 1.095000e+02 1.867901e+05 1.332494e-02 2.093854e-03
3.800000e-02 1.125000e+02 1.971647e+05 1.303412e-02 2.072423e-03
3.900000e-02 1.155000e+02 2.078198e+05 1.275383e-02 2.061281e-03
4.000000e-02 1.185000e+02 2.187552e+05 1.248299e-02 2.056401e-03
4.100000e-02 1.215000e+02 2.299710e+05 1.222052e-02 2.026340e-03
4.200000e-02 1.245000e+02 2.414672e+05 1.196531e-02 2.002991e-03
4.300000e-02 1.275000e+02 2.532438e+05 1.171629e-02 1.970682e-03
4.400000e-02 1.305000e+02 2.653008e+05 1.147237e-02 1.949912e-03
4.500000e-02 1.335000e+02 2.776382e+05 1.123245e-02 1.929328e-03
4.600000e-02 1.365000e+02 2.902560e+05 1.099549e-02 1.901963e-03
4.700000e-02 1.395000e+02 3.031542e+05 1.076100e-02 1.871051e-03
4.800000e-02 1.425000e+02 3.163328e+05 1.052911e-02 1.848354e-03
4.900000e-02 1.455000e+02 3.297918e+05 1.029995e-02 1.811304e-03
5.000000e-02 1.485000e+02 3.435312e+05 1.007368e-02 1.776953e-03
5.100000e-02 1.515000e+02 3.575509e+05 9.850445e-03 1.751428e-03
5.200000e-02 1.545000e+02 3.718511e+05 9.630380e-03 1.714209e-03
5.300000e-02 1.575000e+02 3.864317e+05 9.413634e-03 1.689203e-03
5.400000e-02 1.605000e+02 4.012926e+05 9.200350e-03 1.647194e-03
5.500000e-02 1.635000e+02 4.164340e+05 8.990675e-03 1.610494e-03
5.600000e-02 1.665000e+02 4.318557e+05 8.784746e-03 1.575838e-03
5.700000e-02 1.695000e+02 4.475579e+05 8.582585e-03 1.547763e-03
5.800000e-02 1.725000e+02 4.635404e+05 8.384092e-03 1.516074e-03
5.900000e-02 1.755000e+02 4.798034e+05 8.189162e-03 1.467716e-03
6.000000e-02 1.785000e+02 4.963467e+05 7.997690e-03 1.438415e-03
6.100000e-02 1.815000e+02 5.131704e+05 7.809573e-03 1.401341e-03
6.200000e-02 1.845000e+02 5.302745e+05 7.624705e-03 1.361470e-03
6.300000e-02 1.875000e+02 5.476591e+05 7.442982e-03 1.328518e-03
6.400000e-02 1.905000e+02 5.653240e+05 7.264299e-03 1.294263e-03
6.500000e-02 1.935000e+02 5.832693e+05 7.088551e-03 1.257212e-03
6.600000e-02 1.965000e+02 6.014950e+05 6.915638e-03 1.226220e-03
6.700000e-02 1.995000e+02 6.200011e+05 6.745514e-03 1.189610e-03
6.800000e-02 2.025000e+02 6.387876e+05 6.578194e-03 1.144867e-03
6.900000e-02 2.055000e+02 6.578545e+05 6.413694e-03 1.117847e-03
7.000000e-02 2.085000e+02 6.772018e+05 6.252031e-03 1.079203e-03
7.100000e-02 2.115000e+02 6.968295e+05 6.093221e-03 1.048884e-03
7.200000e-02 2.145000e+02 7.167375e+05 5.937282e-03 1.018332e-03
7.300000e-02 2.175000e+02 7.369260e+05 5.784229e-03 9.868104e-04
7.400000e-02 2.205000e+02 7.573949e+05 5.634080e-03 9.467070e-04
7.500000e-02 2.235000e+02 7.781441e+05 5.486851e-03 9.205887e-04
7.600000e-02 2.265000e+02 7.991738e+05 5.342557e-03 8.867302e-04
7.700000e-02 2.295000e+02 8.204839e+05 5.201193e-03 8.559032e-04
7.800000e-02 2.325000e+02 8.420743e+05 5.062729e-03 8.281430e-04
7.900000e-02 2.355000e+02 8.639451e+05 4.927138e-03 8.014471e-04
8.000000e-02 2.385000e+02 8.860964e+05 4.794390e-03 7.694096e-04
8.100000e-02 2.415000e+02 9.085280e+05 4.664455e-03 7.430830e-04
8.200000e-02 2.445000e+02 9.312401e+05 4.537305e-03 7.126310e-04
8.300000e-02 2.475000e+02 9.542325e+05 4.412910e-03 6.922288e-04
8.400000e-02 2.505000e+02 9.775053e+05 4.291242e-03 6.639583e-04
8.500000e-02 2.535000e+02 1.001059e+06 4.172270e-03 6.409278e-04
8.600000e-02 2.565000e+02 1.024892e+06 4.055966e-03 6.151979e-04
8.700000e-02 2.595000e+02 1.049006e+06 3.942288e-03 5.939360e-04
8.800000e-02 2.625000e+02 1.073401e+06 3.831181e-03 5.719996e-04
8.900000e-02 2.655000e+02 1.098075e+06 3.722592e-03 5.529813e-04
9.000000e-02 2.685000e+02 1.123031e+06 3.616466e-03 5.234614e-04
9.100000e-02 2.715000e+02 1.148266e+06 3.512748e-03 5.068657e-04
9.200000e-02 2.745000e+02 1.173782e+06 3.411384e-03 4.863251e-04
9.300000e-02 2.775000e+02 1.199579e+06 3.312319e-03 4.670041e-04
9.400000e-02 2.805000e+02 1.225655e+06 3.215500e-03 4.462476e-04
9.500000e-02 2.835000e+02 1.252012e+06 3.120872e-03 4.303269e-04
9.600000e-02 2.865000e+02 1.278650e+06 3.028381e-03 4.120278e-04
9.700000e-02 2.895000e+02 1.305568e+06 2.937989e-03 3.925157e-04
9.800000e-02 2.925000e+02 1.332766e+06 2.849677e-03 3.811814e-04
9.900000e-02 2.955000e+02 1.360245e+06 2.763423e-03 3.657918e-04
1.000000e-01 2.985000e+02 1.388004e+06 2.679208e-03 3.485345e-04
1.010000e-01 3.015000e+02 1.416044e+06 2.597012e-03 6.214488e-08
