1.000000e-03 1.500000e+00 1.130973e+02 2.210485e-01 3.536776e-02
2.000000e-03 4.500000e+00 7.916813e+02 3.258886e-01 7.073551e-02
3.000000e-03 7.500000e+00 2.148849e+03 3.066758e-01 7.492383e-02
4.000000e-03 1.050000e+01 4.184601e+03 3.063612e-01 7.336419e-02
5.000000e-03 1.350000e+01 6.898937e+03 3.167155e-01 7.319969e-02
6.000000e-03 1.650000e+01 1.029186e+04 2.703108e-01 6.451701e-02
7.000000e-03 1.950000e+01 1.436336e+04 2.366437e-01 5.527952e-02
8.000000e-03 2.250000e+01 1.911345e+04 2.067130e-01 4.468056e-02
9.000000e-03 2.550000e+01 2.454212e+04 1.752499e-01 3.752735e-02
1.000000e-02 2.850000e+01 3.064938e+04 1.499541e-01 3.181140e-02
1.100000e-02 3.150000e+01 3.743522e+04 1.362354e-01 2.826216e-02
1.200000e-02 3.450000e+01 4.489964e+04 1.233640e-01 2.485542e-02
1.300000e-02 3.750000e+01 5.304265e+04 1.148509e-01 2.077573e-02
1.400000e-02 4.050000e+01 6.186424e+04 1.062003e-01 1.810415e-02
1.500000e-02 4.350000e+01 7.136442e+04 9.829837e-02 1.544188e-02
1.600000e-02 4.650000e+01 8.154318e+04 9.093329e-02 1.216532e-02
1.700000e-02 4.950000e+01 9.240052e+04 8.464238e-02 1.159084e-02
1.800000e-02 5.250000e+01 1.039365e+05 7.865396e-02 9.804084e-03
1.900000e-02 5.550000e+01 1.161510e+05 7.336142e-02 8.368419e-03
2.000000e-02 5.850000e+01 1.290441e+05 6.751179e-02 7.338575e-03
2.100000e-02 6.150000e+01 1.426157e+05 6.218810e-02 6.738388e-03
2.200000e-02 6.450000e+01 1.568660e+05 5.836831e-02 5.616261e-03
2.300000e-02 6.750000e+01 1.717949e+05 5.352893e-02 4.854625e-03
2.400000e-02 7.050000e+01 1.874023e+05 4.957783e-02 4.466327e-03
2.500000e-02 7.350000e+01 2.036883e+05 4.671843e-02 3.701733e-03
2.600000e-02 7.650000e+01 2.206529e+05 4.347550e-02 3.199594e-03
2.700000e-02 7.950000e+01 2.382961e+05 4.059657e-02 3.067614e-03
2.800000e-02 8.250000e+01 2.566179e+05 3.863718e-02 2.591400e-03
2.900000e-02 8.550000e+01 2.756182e+05 3.556377e-02 2.648597e-03
3.000000e-02 8.850000e+01 2.952971e+05 3.416557e-02 2.153762e-03
3.100000e-02 9.150000e+01 3.156547e+05 3.173087e-02 1.903979e-03
3.200000e-02 9.450000e+01 3.366908e+05 2.955821e-02 1.520679e-03
3.300000e-02 9.750000e+01 3.584055e+05 2.823063e-02 1.501095e-03
3.400000e-02 1.005000e+02 3.807987e+05 2.559092e-02 1.176473e-03
3.500000e-02 1.035000e+02 4.038706e+05 2.477779e-02 1.069652e-03
3.600000e-02 1.065000e+02 4.276210e+05 2.322620e-02 9.891950e-04
3.700000e-02 1.095000e+02 4.520501e+05 2.149316e-02 8.516741e-04
3.800000e-02 1.125000e+02 4.771577e+05 2.032246e-02 7.188412e-04
3.900000e-02 1.155000e+02 5.029439e+05 1.925260e-02 6.581236e-04
4.000000e-02 1.185000e+02 5.294086e+05 1.864724e-02 6.403379e-04
4.100000e-02 1.215000e+02 5.565520e+05 1.728857e-02 5.767648e-04
4.200000e-02 1.245000e+02 5.843739e+05 1.646722e-02 5.150819e-04
4.300000e-02 1.275000e+02 6.128745e+05 1.544849e-02 3.932283e-04
4.400000e-02 1.305000e+02 6.420536e+05 1.498477e-02 3.971641e-04
4.500000e-02 1.335000e+02 6.719113e+05 1.366845e-02 3.616544e-04
4.600000e-02 1.365000e+02 7.024476e+05 1.302874e-02 3.359683e-04
4.700000e-02 1.395000e+02 7.336624e+05 1.248124e-02 2.535230e-04
4.800000e-02 1.425000e+02 7.655559e+05 1.158502e-02 2.521039e-04
4.900000e-02 1.455000e+02 7.981279e+05 1.118996e-02 2.292870e-04
5.000000e-02 1.485000e+02 8.313785e+05 1.036830e-02 1.768144e-04
5.100000e-02 1.515000e+02 8.653077e+05 9.951387e-03 1.745046e-04
5.200000e-02 1.545000e+02 8.999155e+05 9.289742e-03 1.466801e-04
5.300000e-02 1.575000e+02 9.352019e+05 9.047266e-03 1.593243e-04
5.400000e-02 1.605000e+02 9.711668e+05 8.326055e-03 1.369485e-04
5.500000e-02 1.635000e+02 1.007810e+06 7.855648e-03 1.121243e-04
5.600000e-02 1.665000e+02 1.045132e+06 7.306236e-03 1.262995e-04
5.700000e-02 1.695000e+02 1.083133e+06 6.989922e-03 9.324819e-05
5.800000e-02 1.725000e+02 1.121812e+06 6.682058e-03 9.003307e-05
5.900000e-02 1.755000e+02 1.161170e+06 6.210965e-03 6.458990e-05
6.000000e-02 1.785000e+02 1.201207e+06 5.879925e-03 6.493475e-05
6.100000e-02 1.815000e+02 1.241922e+06 5.323996e-03 7.488379e-05
6.200000e-02 1.845000e+02 1.283315e+06 5.034621e-03 6.155937e-05
6.300000e-02 1.875000e+02 1.325388e+06 4.653724e-03 5.432363e-05
6.400000e-02 1.905000e+02 1.368138e+06 4.471025e-03 4.824058e-05
6.500000e-02 1.935000e+02 1.411568e+06 4.284626e-03 3.754715e-05
6.600000e-02 1.965000e+02 1.455676e+06 3.974770e-03 4.190476e-05
6.700000e-02 1.995000e+02 1.500462e+06 3.703522e-03 3.265658e-05
6.800000e-02 2.025000e+02 1.545927e+06 3.457466e-03 3.557729e-05
6.900000e-02 2.055000e+02 1.592071e+06 3.281281e-03 2.324031e-05
7.000000e-02 2.085000e+02 1.638893e+06 3.046561e-03 3.416933e-05
7.100000e-02 2.115000e+02 1.686394e+06 2.878319e-03 2.490511e-05
7.200000e-02 2.145000e+02 1.734574e+06 2.692897e-03 2.594313e-05
7.300000e-02 2.175000e+02 1.783432e+06 2.612373e-03 2.018575e-05
7.400000e-02 2.205000e+02 1.832969e+06 2.376470e-03 1.473019e-05
7.500000e-02 2.235000e+02 1.883184e+06 2.297170e-03 1.433740e-05
7.600000e-02 2.265000e+02 1.934078e+06 2.189685e-03 1.551135e-05
7.700000e-02 2.295000e+02 1.985650e+06 2.026033e-03 1.309393e-05
7.800000e-02 2.325000e+02 2.037901e+06 1.867112e-03 7.851192e-06
7.900000e-02 2.355000e+02 2.090830e+06 1.821282e-03 9.565555e-06
8.000000e-02 2.385000e+02 2.144439e+06 1.724469e-03 7.461194e-06
8.100000e-02 2.415000e+02 2.198725e+06 1.575912e-03 8.641367e-06
8.200000e-02 2.445000e+02 2.253691e+06 1.497540e-03 7.543166e-06
8.300000e-02 2.475000e+02 2.309334e+06 1.401710e-03 3.031191e-06
8.400000e-02 2.505000e+02 2.365657e+06 1.356914e-03 6.763436e-06
8.500000e-02 2.535000e+02 2.422658e+06 1.280821e-03 4.127686e-06
8.600000e-02 2.565000e+02 2.480338e+06 1.199029e-03 2.015853e-06
8.700000e-02 2.595000e+02 2.538696e+06 1.197470e-03 3.939046e-06
8.800000e-02 2.625000e+02 2.597733e+06 1.105196e-03 2.694660e-06
8.900000e-02 2.655000e+02 2.657448e+06 1.019021e-03 2.634102e-06
9.000000e-02 2.685000e+02 2.717842e+06 9.588476e-04 1.839692e-06
9.100000e-02 2.715000e+02 2.778915e+06 9.233833e-04 1.439413e-06
9.200000e-02 2.745000e+02 2.840666e+06 8.688099e-04 3.520300e-06
9.300000e-02 2.775000e+02 2.903096e+06 8.229149e-04 1.377840e-06
9.400000e-02 2.805000e+02 2.966204e+06 8.050720e-04 3.034191e-06
9.500000e-02 2.835000e+02 3.029991e+06 7.214526e-04 1.980199e-06
9.600000e-02 2.865000e+02 3.094456e+06 6.983447e-04 9.694744e-07
9.700000e-02 2.895000e+02 3.159600e+06 6.462843e-04 9.494872e-07
9.800000e-02 2.925000e+02 3.225423e+06 6.039539e-04 1.550190e-06
9.900000e-02 2.955000e+02 3.291924e+06 5.829399e-04 9.113183e-07
1.000000e-01 2.985000e+02 3.359104e+06 5.370473e-04 1.786188e-06
1.010000e-01 3.015000e+02 3.426962e+06 5.156162e-04 2.918032e-07
1.020000e-01 3.045000e+02 3.495499e+06 5.086562e-04 1.144333e-06
1.030000e-01 3.075000e+02 3.564715e+06 4.639925e-04 1.683165e-06
1.040000e-01 3.105000e+02 3.634609e+06 4.292051e-04 1.100526e-06
1.050000e-01 3.135000e+02 3.705182e+06 4.221143e-04 5.397881e-07
